11880
20000217 10089.9 10267.5 10089.9 10202.2

20011003 3480.19 3511.38 3436.25 3446.26
20011002 3623.67 3623.67 3484.08 3492.12
20011004 3610.16 3610.16 3491.32 3493.66
20010925 3622.46 3649.19 3473.56 3493.78
20011008 3519.35 3568.19 3495.93 3520.35
20010924 3503.33 3547.67 3461.97 3533.51
20010927 3586.81 3602.18 3546.27 3567.63
20011005 3502.37 3585.64 3467.94 3585.46
20010921 3599.73 3607.2 3588.46 3591.85
20011009 3561.16 3618.93 3535.2 3618.93

20000401 9892.78 10050.4 9816.22 10050.4
20000210 10008.4 10098.3 9957.66 10057.7
20000216 10010.9 10100 10010.9 10064.5
20000411 10104.9 10194.9 10059.4 10068
20000218 10266.8 10393.6 10062.2 10096.4
20000410 9962.65 10168.7 9956.65 10127.5
20000211 10125.5 10227.3 10096.5 10128.7
20000219 10084.3 10168.2 10031.9 10161
20000405 9923.74 10238.1 9923.74 10186.2
20000217 10089.9 10267.5 10089.9 10202.2

20100706 7385.33 7548.48 7382.37 7548.48
