11880
20000217 10089.9 10267.5 10089.9 10202.2

19990105 6310.41 6310.41 6111.64 6152.43
19990106 6082.02 6280.93 5988.06 6199.91
19990107 6280.38 6409.55 6181.62 6404.31
19990108 6371.34 6492.87 6371.34 6421.75
19990111 6472.02 6492.9 6392.49 6406.99
19990112 6429.54 6441.79 6357.11 6363.89
19990113 6293.59 6365.6 6292.55 6319.34
19990114 6295.99 6295.99 6187.32 6241.32
19990115 6190.95 6454.6 6176.09 6454.6
19990116 6529.77 6577.92 6483.3 6483.3

20170508 9934.13 9964.86 9900.07 9937.25
20170509 9967.01 10001.9 9899.08 9915.48
20170510 9935.22 9971.98 9932.17 9968.32
20170511 9968.51 10018.8 9964.3 10001.5
20170512 9981.77 10008.2 9961.37 9986.82
20170515 9978.28 10036.8 9978.28 10036.8
20170516 10037.6 10058.6 9991.08 10031.5
20170517 10019.6 10029.6 9967.97 10013.7
20170518 9952.64 9969.45 9895.65 9969.45
20170519 9970.4 9979.73 9947.14 9947.62

20170116 9356.54 9359.01 9281.21 9292.33
20170117 9301.96 9354.53 9294.68 9354.53

