 -2.18569
4383 0.115487
4384 0.284858
4385 -0.63664
4386 -0.209036
4387 -0.562123
4388 0.549049
4389 -2.32127
4390 -0.303942
4391 0.224264
4392 0.112466
4393 -0.392044
4394 -0.768195
4395 -0.714905
4396 -0.302763
4397 -0.607789
4398 1.18503
4399 0.510212
4400 0.188752
4401 1.41288
4402 0.317757
4403 0.362724
4404 1.30522
4405 -0.33188
4406 0.616212
4407 -1.8645
4408 -1.29693
4409 0.674706
4410 -0.659589
4411 -0.231511
4412 0.0244655
4413 -1.22812
4414 -0.567526
4415 0.663793
4416 -0.0584219
4417 -0.294124
4418 -0.0953548
4419 0.412231
4420 0.475255
4421 0.265627
4422 -0.674901
4423 0.263494
4424 -0.644494
4425 -0.37399
4426 -0.268292
4427 -0.112863
4428 0.490279
4429 -0.0620542
4430 -0.0750966
4431 0.182971
4432 0.328771
4433 0.336127
4434 -1.06511
4435 -0.87862
4436 0.22797
4437 -0.0420944
4438 -0.985097
4439 -0.0943659
4440 0.606823
4441 -0.248647
4442 0.937807
4443 0.815978
4444 -0.83613
4445 -0.59739
4446 -1.02644
4447 0.550523
4448 0.456007
4449 -0.733321
4450 -0.195074
4451 -0.782883
4452 0.446377
4453 0.369336
4454 -0.418568
4455 1.22082
4456 -0.368023
4457 -0.332056
4458 0.275687
4459 1.00474
4460 0.422306
4461 -0.105684
4462 0.453828
4463 0.518548
4464 -0.272622
4465 -0.875501
4466 0.205675
4467 -0.677161
4468 -0.294926
4469 -0.250587
4470 0.964462
4471 -0.202936
4472 0.625039
4473 -0.256186
4474 -0.0818359
4475 0.277817
4476 -0.289958
4477 -1.30009
4478 -0.746681
4479 0.710805
4480 0.493388
4481 0.579929
4482 -0.0100651
4483 0.721704
4484 0.243605
4485 0.949416
4486 0.110929
4487 0.44652
4488 -0.0737901
4489 -0.434976
4490 0.0943163
4491 -0.977646
4492 -0.0183408
4493 -0.198385
4494 0.0272522
4495 -0.0488077
4496 -0.566198
4497 -0.0763288
4498 0.089139
4499 1.47267
4500 0.777755
4501 -0.474906
4502 2.89197
4503 0.678892
4504 -0.354042
4505 -0.141177
4506 0.386596
4507 -0.214412
4508 -0.294442
4509 -0.496991
4510 0.283924
4511 0.706127
4512 1.06687
4513 -0.0859564
4514 -0.214098
4515 -0.815216
4516 -0.363359
4517 -0.311014
4518 0.271728
4519 -0.0269817
4520 -0.279033
4521 0.011866
4522 0.036684
4523 -0.198225
4524 -0.338447
4525 -0.311176
4526 0.0227726
4527 -0.491224
4528 -0.55249
4529 -0.112361
4530 0.640902
4531 -1.54838
4532 -2.48465
4533 0.0722824
4534 0.747688
4535 -0.516999
4536 -1.13828
4537 0.107952
4538 0.0883948
4539 1.05914
4540 -0.751065
4541 0.0314081
4542 0.14939
4543 -0.228479
4544 0.943952
4545 -0.0229979
4546 -0.412579
4547 -0.245729
4548 0.0492754
4549 0.333164
4550 -2.50826
4551 0.168905
4552 -1.66853
4553 0.496923
4554 0.321294
4555 0.0506001
4556 0.330749
4557 -0.306684
4558 -0.0593854
4559 -0.0606704
4560 0.586675
4561 1.59358
4562 0.492488
4563 0.535619
4564 -0.364382
4565 -1.65982
4566 1.65448
4567 0.0312098
4568 0.761182
4569 2.64446
4570 1.1131
max_open_price: 10266.8 on 20000218 10266.8 10393.6 10062.2 10096.4
min_open_price: 3475.87 on 20010926 3475.87 3625.53 3411.68 3625.53
max_high_price: 10393.6 on 20000218 10266.8 10393.6 10062.2 10096.4
min_high_price: 3511.38 on 20011003 3480.19 3511.38 3436.25 3446.26
max_low_price: 10096.5 on 20000211 10125.5 10227.3 10096.5 10128.7
min_low_price: 3411.68 on 20010926 3475.87 3625.53 3411.68 3625.53
max_close_price: 10202.2 on 20000217 10089.9 10267.5 10089.9 10202.2
min_close_price: 3446.26 on 20011003 3480.19 3511.38 3436.25 3446.26
