11880
20000217 10089.9 10267.5 10089.9 10202.2

20011003 3480.19 3511.38 3436.25 3446.26
20011002 3623.67 3623.67 3484.08 3492.12
20011004 3610.16 3610.16 3491.32 3493.66
20010925 3622.46 3649.19 3473.56 3493.78
20011008 3519.35 3568.19 3495.93 3520.35
20010924 3503.33 3547.67 3461.97 3533.51
20010927 3586.81 3602.18 3546.27 3567.63
20011005 3502.37 3585.64 3467.94 3585.46
20010921 3599.73 3607.2 3588.46 3591.85
20011009 3561.16 3618.93 3535.2 3618.93

20000401 9892.78 10050.4 9816.22 10050.4
20000210 10008.4 10098.3 9957.66 10057.7
20000216 10010.9 10100 10010.9 10064.5
20000411 10104.9 10194.9 10059.4 10068
20000218 10266.8 10393.6 10062.2 10096.4
20000410 9962.65 10168.7 9956.65 10127.5
20000211 10125.5 10227.3 10096.5 10128.7
20000219 10084.3 10168.2 10031.9 10161
20000405 9923.74 10238.1 9923.74 10186.2
20000217 10089.9 10267.5 10089.9 10202.2

20100706 7385.33 7548.48 7382.37 7548.48

max_return: 1.70198 on 20010920 3693.91 3725.91 3693.11 3698.84
min_return: 0 on 20030821 5545.97 5612.15 5522.42 5611.86

max_return2: 6.96365 on 20001121 4770.78 5103 4760.68 5103
min_return2: -7.20747 on 19990716 7987.26 8024.19 7402.53 7411.58

0 3446.26
1 3492.12
2 3493.66
3 3493.78
4 3520.35
5 3533.51
6 3567.63
7 3585.46
8 3591.85
9 3618.93
10 3625.53
11 3636.94
12 3698.84
13 3712.82
14 3774.62
15 3781.17
16 3789.93
17 3794.86
18 3801.5
19 3811.2
20 3817.13
21 3845.62
22 3850.04
23 3874.42
24 3900.62
25 3903.49
26 3910.98
27 3915.61
28 3924.04
29 3929.69
30 3947.61
31 3952.49
32 3964.28
33 3986.67
34 3998.48
35 4012.2
36 4040.77
37 4043.57
38 4065.1
39 4067.79
40 4075.98
41 4080.51
42 4082.92
43 4089.93
44 4123.78
45 4131.47
46 4135.03
47 4136.39
48 4136.54
49 4139.5
50 4148.07
51 4151.93
52 4158.15
53 4160.54
54 4162.77
55 4171.1
56 4171.76
57 4172.63
58 4176.93
59 4185.95
60 4187.82
61 4190.78
62 4191.25
63 4191.81
64 4200.32
65 4202.12
66 4208.8
67 4216.64
68 4219.89
69 4220.33
70 4220.45
71 4222.22
72 4223.32
73 4225.07
74 4233.54
75 4242.61
76 4244.18
77 4247.97
78 4251.59
79 4254.96
80 4255.8
81 4259.98
82 4260.45
83 4261.02
84 4266.49
85 4271.3
86 4271.8
87 4275.91
88 4277.7
89 4280.81
90 4283.77
91 4284.09
92 4286.94
93 4289.1
94 4300.41
95 4302.16
96 4305.18
97 4307.26
98 4310.32
99 4311.56
100 4319.99
101 4320.59
102 4320.77
103 4321.22
104 4328.15
105 4328.4
106 4331.24
107 4334.59
108 4337.61
109 4338.26
110 4341.1
111 4349.52
112 4350.59
113 4352.98
114 4353.7
115 4354.52
116 4356.98
117 4357.99
118 4358.39
119 4363.25
120 4366.1
121 4366.76
122 4366.87
123 4368.38
124 4368.69
125 4371.99
126 4372.81
127 4374.94
128 4378.99
129 4384.55
130 4386.46
131 4389.97
132 4397.44
133 4399.97
134 4403.59
135 4404
136 4405.86
137 4406.52
138 4413.45
139 4416.16
140 4418.11
141 4418.33
142 4423.09
143 4424.91
144 4425.08
145 4425.83
146 4429.25
147 4430.18
148 4432.46
149 4435.34
150 4436.94
151 4437.83
152 4439.8
153 4441.12
154 4446.62
155 4447.58
156 4448.52
157 4450.02
158 4451.11
159 4452.45
160 4452.7
161 4453.75
162 4453.9
163 4454.35
164 4454.77
165 4455.8
166 4456.69
167 4457.16
168 4457.75
169 4458.17
170 4459.37
171 4459.76
172 4459.81
173 4460.49
174 4463.52
175 4465.57
176 4465.83
177 4466.42
178 4467.53
179 4470.73
180 4471.25
181 4472.66
182 4474.41
183 4476.17
184 4476.91
185 4477.01
186 4477.78
187 4481.27
188 4482.65
189 4484.43
190 4485.68
191 4487.52
192 4487.59
193 4490.19
194 4491.31
195 4491.78
196 4493.53
197 4493.74
198 4493.99
199 4494.59
200 4496.05
201 4498.37
202 4498.73
203 4498.83
204 4499.18
205 4499.69
206 4500.55
207 4502.74
208 4503.86
209 4507.96
210 4508.69
211 4509.44
212 4514.1
213 4514.24
214 4515.07
215 4518.43
216 4518.56
217 4519.08
218 4520.76
219 4521.47
220 4524.87
221 4526.1
222 4526.69
223 4528.87
224 4530.4
225 4530.68
226 4532.36
227 4533.27
228 4533.37
229 4534.15
230 4535.54
231 4535.79
232 4535.93
233 4537.39
234 4539.72
235 4541.36
236 4541.42
237 4543.04
238 4544.5
239 4545.62
240 4547.32
241 4548.29
242 4548.35
243 4548.63
244 4549.23
245 4550.36
246 4550.7
247 4550.83
248 4552.45
249 4554.13
250 4555.9
251 4556.1
252 4557.15
253 4562.73
254 4564.06
255 4564.93
256 4566.1
257 4566.66
258 4567.37
259 4570.68
260 4572.35
261 4572.77
262 4574.8
263 4575.83
264 4575.95
265 4579.14
266 4579.45
267 4579.62
268 4580.17
269 4580.33
270 4582.05
271 4583.68
272 4586.92
273 4588.06
274 4588.14
275 4589.04
276 4589.6
277 4589.88
278 4591.22
279 4591.26
280 4592.5
281 4595.67
282 4599.25
283 4601.37
284 4605.31
285 4608.32
286 4609.2
287 4609.32
288 4612.6
289 4613.72
290 4614.63
291 4615.57
292 4616.71
293 4616.89
294 4618.98
295 4623.11
296 4624.87
297 4626.32
298 4628.24
299 4633.03
300 4633.54
301 4633.86
302 4636.67
303 4637.2
304 4638.36
305 4638.57
306 4643.87
307 4644.58
308 4646.61
309 4646.69
310 4647.37
311 4648.02
312 4648.12
313 4653.5
314 4653.63
315 4655.57
316 4657.3
317 4658.3
318 4658.87
319 4660.53
320 4664.65
321 4665.56
322 4668.01
323 4669.7
324 4671.02
325 4671.77
326 4676.47
327 4677.89
328 4678.08
329 4683.18
330 4683.64
331 4687.33
332 4689.86
333 4692.94
334 4694.12
335 4694.52
336 4694.81
337 4698.31
338 4699.41
339 4700.23
340 4701.08
341 4705.08
342 4707.01
343 4707.61
344 4709.2
345 4720.73
346 4721.36
347 4723.16
348 4725.34
349 4726.5
350 4727.26
351 4727.49
352 4730.51
353 4735.37
354 4738.34
355 4738.98
356 4739.09
357 4739.16
358 4740.27
359 4740.45
360 4742.33
361 4743.94
362 4754.65
363 4755.01
364 4755.4
365 4757.98
366 4759.96
367 4764.94
368 4766.43
369 4768.55
370 4785.12
371 4789.63
372 4789.84
373 4790.61
374 4793.93
375 4797.14
376 4800.63
377 4804.65
378 4811.01
379 4811.22
380 4813.53
381 4813.73
382 4817.22
383 4817.93
384 4823.67
385 4825.28
386 4826.94
387 4832.2
388 4833.58
389 4836.93
390 4843.82
391 4845.21
392 4850.8
393 4851.44
394 4852.07
395 4855.34
396 4858.44
397 4862.59
398 4870.66
399 4872.15
400 4877.9
401 4878.43
402 4878.85
403 4881.9
404 4883.43
405 4886.86
406 4887.43
407 4887.79
408 4888
409 4892.36
410 4894.01
411 4894.79
412 4897.39
413 4904.34
414 4907.78
415 4909.31
416 4916.59
417 4919.02
418 4919.26
419 4920.89
420 4921.72
421 4924.56
422 4931.47
423 4931.84
424 4933.79
425 4935.28
426 4935.92
427 4940.38
428 4942.72
429 4943.29
430 4945.87
431 4947.89
432 4951.03
433 4956.49
434 4958.61
435 4960.4
436 4961.62
437 4968.85
438 4969.32
439 4971.32
440 4972.59
441 4973.19
442 4978.26
443 4984.88
444 4985.11
445 4991.26
446 4991.48
447 4992.42
448 4992.63
449 4993.27
450 4995.06
451 4995.08
452 4999.07
453 5002.58
454 5005.04
455 5013.96
456 5015.16
457 5017.7
458 5017.78
459 5020.44
460 5029.64
461 5035.93
462 5039.48
463 5039.98
464 5040.25
465 5041.39
466 5043.5
467 5045.07
468 5047.54
469 5047.82
470 5048.86
471 5048.91
472 5055.2
473 5057.07
474 5057.32
475 5065.06
476 5070.52
477 5071.76
478 5075.97
479 5078.8
480 5079.72
481 5081.28
482 5082.02
483 5095.24
484 5095.26
485 5095.31
486 5103
487 5109.24
488 5111.67
489 5119.19
490 5122.17
491 5123.04
492 5124.18
493 5130.61
494 5130.71
495 5130.8
496 5134.1
497 5136.13
498 5143.44
499 5146.92
500 5151.85
501 5153.35
502 5153.71
503 5158.63
504 5158.79
505 5159.23
506 5161.92
507 5164.73
508 5167.35
509 5170.08
510 5170.62
511 5174.02
512 5176.45
513 5176.71
514 5188.51
515 5199.2
516 5202.59
517 5206.05
518 5206.4
519 5208.86
520 5209.71
521 5209.97
522 5210.84
523 5212.73
524 5214.6
525 5219.3
526 5220.44
527 5221.96
528 5224.74
529 5225.83
530 5226.28
531 5226.79
532 5229.93
533 5232.55
534 5232.64
535 5232.72
536 5239.96
537 5242.11
538 5242.18
539 5244.05
540 5246.26
541 5250.82
542 5252.83
543 5255.23
544 5255.24
545 5256.93
546 5259.07
547 5259.45
548 5261.01
549 5262.01
550 5266.24
551 5271.3
552 5273.97
553 5277.35
554 5282.38
555 5284.41
556 5287.38
557 5287.89
558 5291.56
559 5295.53
560 5299.51
561 5304.24
562 5307.18
563 5309.1
564 5314.45
565 5316.04
566 5316.87
567 5318.01
568 5318.34
569 5319.46
570 5320.16
571 5321.28
572 5322.26
573 5325.68
574 5329.19
575 5331.71
576 5332.98
577 5333.93
578 5335.86
579 5339.4
580 5342.06
581 5342.46
582 5342.49
583 5346.38
584 5349.66
585 5349.94
586 5350.4
587 5351.36
588 5352.01
589 5353.5
590 5358.91
591 5362.26
592 5367.22
593 5367.34
594 5367.97
595 5368.02
596 5369.24
597 5372.81
598 5373.85
599 5376.12
600 5377.19
601 5377.86
602 5379.66
603 5380.09
604 5381.67
605 5383.57
606 5384.36
607 5384.89
608 5386.56
609 5387.96
610 5388.52
611 5389.93
612 5390.51
613 5390.7
614 5392.43
615 5393.01
616 5393.73
617 5394.75
618 5398.28
619 5398.61
620 5399.16
621 5399.45
622 5399.5
623 5399.96
624 5401.83
625 5402.75
626 5404.78
627 5405.42
628 5405.54
629 5405.85
630 5407.54
631 5409.13
632 5413.87
633 5416.5
634 5416.67
635 5419.99
636 5420.57
637 5425.02
638 5427.61
639 5427.75
640 5431.95
641 5432.23
642 5432.28
643 5433.02
644 5433.78
645 5436.75
646 5436.78
647 5442.27
648 5443.18
649 5443.56
650 5445.77
651 5446.82
652 5451.8
653 5454.13
654 5456.15
655 5460.53
656 5467.75
657 5473.78
658 5474.79
659 5482.96
660 5486.73
661 5488.33
662 5488.74
663 5489.1
664 5495.47
665 5499.33
666 5499.54
667 5499.79
668 5499.86
669 5501.13
670 5502.14
671 5505.7
672 5508.61
673 5510.71
674 5512.16
675 5514.89
676 5515.13
677 5516.2
678 5516.8
679 5518.73
680 5522.8
681 5523.12
682 5524.66
683 5526.32
684 5527.8
685 5529.63
686 5533.22
687 5536.42
688 5537.81
689 5539.31
690 5541.64
691 5542.8
692 5543.61
693 5544.18
694 5549.96
695 5551.24
696 5553.43
697 5556.22
698 5556.54
699 5557.68
700 5558.25
701 5560.16
702 5562.12
703 5562.23
704 5569.29
705 5571.08
706 5574.08
707 5574.71
708 5576.85
709 5581.66
710 5582.67
711 5589.34
712 5591.02
713 5592.74
714 5596.63
715 5596.73
716 5597.7
717 5599.42
718 5599.74
719 5600.05
720 5602.99
721 5607.73
722 5608.5
723 5609.74
724 5609.83
725 5610.4
726 5611.41
727 5611.86
728 5611.86
729 5614.06
730 5622.86
731 5623.22
732 5623.23
733 5623.42
734 5623.43
735 5623.65
736 5625.63
737 5626.08
738 5630.95
739 5632.97
740 5635.06
741 5638.53
742 5639.03
743 5641.89
744 5641.95
745 5642.48
746 5642.7
747 5643.5
748 5645.28
749 5646.49
750 5646.62
751 5650.11
752 5650.83
753 5650.97
754 5656.1
755 5656.17
756 5657.48
757 5658.21
758 5659.08
759 5659.78
760 5660.97
761 5661.18
762 5662.88
763 5662.94
764 5663.98
765 5664.35
766 5667.8
767 5669.53
768 5671.45
769 5673.18
770 5674.69
771 5675.65
772 5675.75
773 5677.3
774 5680.06
775 5680.43
776 5680.69
777 5680.78
778 5680.95
779 5684.01
780 5685.57
781 5686.85
782 5687.59
783 5688.23
784 5691.79
785 5692.18
786 5693.01
787 5693.58
788 5694.16
789 5695.56
790 5696.11
791 5699.26
792 5699.86
793 5700.72
794 5702.36
795 5703.72
796 5705.05
797 5705.93
798 5706.4
799 5709.84
800 5710.18
801 5711.02
802 5711.53
803 5713.39
804 5715.16
805 5715.95
806 5716.02
807 5717.28
808 5719.28
809 5721.31
810 5721.99
811 5722.36
812 5723.73
813 5724.89
814 5726.93
815 5727.01
816 5727.78
817 5729.3
818 5729.9
819 5730.95
820 5733.57
821 5735.07
822 5736.19
823 5737.02
824 5738.76
825 5739.28
826 5740.57
827 5741.52
828 5742.23
829 5742.66
830 5742.74
831 5743.86
832 5746.7
833 5747.09
834 5747.14
835 5747.79
836 5748
837 5748.35
838 5749.64
839 5750.81
840 5752.01
841 5755.38
842 5755.92
843 5756.59
844 5757.91
845 5758.31
846 5758.6
847 5758.74
848 5759.04
849 5759.23
850 5759.61
851 5761.14
852 5764.01
853 5764.3
854 5765.54
855 5768.76
856 5769.78
857 5769.95
858 5771.48
859 5771.77
860 5772.12
861 5772.51
862 5774.67
863 5775.99
864 5777.13
865 5777.32
866 5777.72
867 5778.27
868 5778.65
869 5779.09
870 5781.66
871 5781.96
872 5782.75
873 5783.93
874 5785.26
875 5788.34
876 5788.94
877 5789.84
878 5792.5
879 5793.52
880 5796.08
881 5797.24
882 5797.71
883 5797.92
884 5798
885 5798.05
886 5798.41
887 5798.62
888 5800.55
889 5800.87
890 5801.47
891 5801.92
892 5802.55
893 5803.42
894 5803.68
895 5804.1
896 5804.89
897 5805.01
898 5805.17
899 5805.25
900 5807.3
901 5807.79
902 5809.75
903 5809.84
904 5810.08
905 5812.67
906 5813.39
907 5815.33
908 5818.07
909 5818.22
910 5818.39
911 5819.39
912 5820.82
913 5821.58
914 5821.8
915 5822.98
916 5825.05
917 5826.27
918 5830.06
919 5830.79
920 5831.07
921 5833.88
922 5834.24
923 5834.89
924 5835.11
925 5835.37
926 5836.91
927 5838.42
928 5839.44
929 5842.27
930 5842.76
931 5842.93
932 5844.25
933 5844.76
934 5845.51
935 5845.69
936 5846.02
937 5846.19
938 5846.19
939 5846.83
940 5847.07
941 5847.15
942 5847.91
943 5848.91
944 5849.06
945 5849.22
946 5849.63
947 5849.85
948 5851.1
949 5851.2
950 5852.85
951 5853.7
952 5853.94
953 5854.23
954 5855.24
955 5856.68
956 5857.21
957 5857.64
958 5857.87
959 5857.93
960 5858.01
961 5858.14
962 5858.32
963 5859.56
964 5860.39
965 5860.58
966 5860.61
967 5860.73
968 5861.18
969 5861.66
970 5862.79
971 5862.85
972 5864.54
973 5865.51
974 5865.54
975 5866.75
976 5867.05
977 5867.51
978 5867.83
979 5867.95
980 5869.88
981 5870.17
982 5870.37
983 5871.07
984 5871.28
985 5872.14
986 5874.48
987 5874.52
988 5875.19
989 5875.24
990 5875.67
991 5876.11
992 5877.77
993 5878.89
994 5879.08
995 5879.93
996 5880.77
997 5881.41
998 5884.33
999 5884.97
1000 5885.45
1001 5886.11
1002 5886.36
1003 5887.23
1004 5887.68
1005 5888.1
1006 5888.37
1007 5888.53
1008 5889.52
1009 5890.69
1010 5890.83
1011 5891.05
1012 5892.21
1013 5892.51
1014 5892.68
1015 5893.27
1016 5894.01
1017 5895.35
1018 5896.32
1019 5897.93
1020 5900.05
1021 5906.69
1022 5906.73
1023 5909.1
1024 5909.65
1025 5909.79
1026 5910.32
1027 5910.69
1028 5910.85
1029 5911.31
1030 5911.45
1031 5911.63
1032 5911.74
1033 5913.97
1034 5917.13
1035 5917.16
1036 5918.09
1037 5918.14
1038 5918.63
1039 5919.17
1040 5919.77
1041 5920.46
1042 5924.24
1043 5924.38
1044 5925.28
1045 5925.54
1046 5925.88
1047 5926.08
1048 5927.5
1049 5928.22
1050 5929.63
1051 5930.2
1052 5931.31
1053 5931.38
1054 5932.42
1055 5933.57
1056 5934.6
1057 5935.82
1058 5935.99
1059 5936.2
1060 5937.25
1061 5937.3
1062 5937.46
1063 5938.42
1064 5939.42
1065 5939.47
1066 5941.85
1067 5942.08
1068 5942.85
1069 5945.05
1070 5945.2
1071 5945.27
1072 5945.35
1073 5948.49
1074 5949.26
1075 5949.8
1076 5949.96
1077 5950.64
1078 5951.45
1079 5952.23
1080 5952.32
1081 5954.69
1082 5957.75
1083 5957.98
1084 5958.38
1085 5958.55
1086 5958.79
1087 5960.11
1088 5961.24
1089 5963.07
1090 5964.94
1091 5965.7
1092 5966.85
1093 5967.96
1094 5968.61
1095 5969.07
1096 5970.18
1097 5970.38
1098 5970.71
1099 5971.06
1100 5971.29
1101 5971.62
1102 5971.76
1103 5972.06
1104 5972.11
1105 5972.47
1106 5975.66
1107 5976.68
1108 5977.84
1109 5979.42
1110 5979.56
1111 5981.48
1112 5981.54
1113 5982.12
1114 5982.75
1115 5984
1116 5985.94
1117 5985.94
1118 5986.2
1119 5986.76
1120 5987.4
1121 5987.85
1122 5988.37
1123 5988.37
1124 5991.55
1125 5992.57
1126 5993.89
1127 5994.23
1128 5997.17
1129 5997.67
1130 5997.92
1131 5998.08
1132 5998.32
1133 6000.57
1134 6001
1135 6001.52
1136 6002.58
1137 6005.88
1138 6007.33
1139 6009.32
1140 6009.52
1141 6009.99
1142 6011.56
1143 6011.65
1144 6013.4
1145 6013.49
1146 6018.69
1147 6018.79
1148 6019.23
1149 6019.42
1150 6019.49
1151 6019.93
1152 6020.94
1153 6022.08
1154 6023.78
1155 6024.07
1156 6024.07
1157 6026.55
1158 6027.27
1159 6027.49
1160 6028.68
1161 6028.75
1162 6029.65
1163 6029.77
1164 6030.74
1165 6031.24
1166 6032.12
1167 6032.47
1168 6033.05
1169 6033.21
1170 6033.47
1171 6034.6
1172 6035.44
1173 6035.59
1174 6035.74
1175 6039.48
1176 6040.26
1177 6040.55
1178 6041.56
1179 6041.86
1180 6042.71
1181 6043.95
1182 6044.77
1183 6045.12
1184 6045.67
1185 6046.2
1186 6046.52
1187 6048.15
1188 6048.74
1189 6049.26
1190 6049.44
1191 6049.49
1192 6052.45
1193 6056.83
1194 6058.96
1195 6059.03
1196 6059.06
1197 6059.19
1198 6059.21
1199 6060.46
1200 6060.61
1201 6060.83
1202 6061.46
1203 6063.41
1204 6063.48
1205 6065.73
1206 6065.91
1207 6066.59
1208 6067.34
1209 6067.94
1210 6069.85
1211 6070.5
1212 6072.16
1213 6072.33
1214 6072.36
1215 6073.76
1216 6075.26
1217 6075.45
1218 6077.89
1219 6077.96
1220 6081.01
1221 6081.84
1222 6082.56
1223 6083.62
1224 6087.45
1225 6088.34
1226 6088.49
1227 6088.74
1228 6089.28
1229 6089.55
1230 6095.81
1231 6095.87
1232 6097.57
1233 6098.78
1234 6100.86
1235 6102.16
1236 6103
1237 6103.42
1238 6104.24
1239 6105.35
1240 6105.79
1241 6106.74
1242 6107.17
1243 6107.95
1244 6108.13
1245 6108.99
1246 6109.66
1247 6110.6
1248 6111.89
1249 6112.4
1250 6115.43
1251 6115.64
1252 6116.05
1253 6117.81
1254 6118.61
1255 6119.06
1256 6121.52
1257 6122.39
1258 6122.54
1259 6123.52
1260 6123.92
1261 6125.42
1262 6127.24
1263 6128.2
1264 6128.34
1265 6132.6
1266 6132.62
1267 6135.01
1268 6136.55
1269 6137.26
1270 6137.57
1271 6138.87
1272 6139.51
1273 6139.69
1274 6140.14
1275 6140.42
1276 6141.14
1277 6141.25
1278 6142.12
1279 6142.32
1280 6142.78
1281 6143.12
1282 6143.44
1283 6143.49
1284 6144.01
1285 6144.53
1286 6145.92
1287 6147.75
1288 6148.7
1289 6149.88
1290 6152.43
1291 6155.51
1292 6156.73
1293 6158.94
1294 6161.66
1295 6164.98
1296 6167.47
1297 6169.08
1298 6169.17
1299 6172.89
1300 6173.34
1301 6179.82
1302 6180.94
1303 6182.21
1304 6182.59
1305 6185.14
1306 6186.44
1307 6188.15
1308 6190.83
1309 6192.35
1310 6192.53
1311 6193.62
1312 6195.18
1313 6195.91
1314 6196
1315 6196.26
1316 6197.47
1317 6199.91
1318 6201.4
1319 6202.38
1320 6203.47
1321 6203.84
1322 6204.23
1323 6205.09
1324 6205.09
1325 6205.76
1326 6206.65
1327 6207.09
1328 6207.83
1329 6209.42
1330 6209.92
1331 6210.22
1332 6212.6
1333 6213.28
1334 6213.56
1335 6219.17
1336 6219.71
1337 6220.52
1338 6220.81
1339 6222.05
1340 6225.25
1341 6225.56
1342 6226.98
1343 6228.95
1344 6228.95
1345 6231.05
1346 6231.15
1347 6231.65
1348 6232.04
1349 6235.35
1350 6238.87
1351 6241.32
1352 6241.39
1353 6241.92
1354 6241.94
1355 6242.4
1356 6242.64
1357 6243.46
1358 6245.13
1359 6249.19
1360 6251.95
1361 6252.1
1362 6252.23
1363 6257.73
1364 6257.8
1365 6258.47
1366 6259.69
1367 6261.18
1368 6263.54
1369 6264.36
1370 6264.37
1371 6266.29
1372 6268.14
1373 6269.71
1374 6271.2
1375 6272.14
1376 6274.97
1377 6275.53
1378 6277.24
1379 6278.46
1380 6282.41
1381 6285.31
1382 6293.56
1383 6294.66
1384 6296.89
1385 6298.86
1386 6299.59
1387 6302.99
1388 6306.93
1389 6307.28
1390 6307.93
1391 6310.68
1392 6310.71
1393 6311.98
1394 6312.25
1395 6312.65
1396 6313.63
1397 6316.84
1398 6318.52
1399 6319.34
1400 6319.96
1401 6327.25
1402 6329.52
1403 6330.4
1404 6331.81
1405 6332.2
1406 6337.21
1407 6340.69
1408 6341.21
1409 6343.36
1410 6343.54
1411 6348.31
1412 6350.52
1413 6350.69
1414 6350.9
1415 6352.03
1416 6353.35
1417 6353.67
1418 6353.71
1419 6355.59
1420 6356.84
1421 6357.83
1422 6358.81
1423 6359.63
1424 6359.92
1425 6363.55
1426 6363.89
1427 6364.17
1428 6364.6
1429 6366.16
1430 6373.86
1431 6375.38
1432 6375.64
1433 6376.39
1434 6376.62
1435 6377.09
1436 6377.25
1437 6379.94
1438 6380
1439 6380.03
1440 6380.08
1441 6380.73
1442 6381.97
1443 6383.09
1444 6384.63
1445 6386.25
1446 6387.21
1447 6390.62
1448 6390.68
1449 6390.99
1450 6391.15
1451 6391.26
1452 6393.74
1453 6394.03
1454 6402.21
1455 6403.14
1456 6404.31
1457 6406.99
1458 6410.59
1459 6412.63
1460 6414.39
1461 6416.34
1462 6416.61
1463 6417.2
1464 6418.35
1465 6420.01
1466 6420.45
1467 6421.73
1468 6421.75
1469 6421.85
1470 6423.81
1471 6424.77
1472 6426.39
1473 6427.84
1474 6428.03
1475 6431.42
1476 6431.96
1477 6432.16
1478 6432.36
1479 6432.55
1480 6436.8
1481 6436.95
1482 6441.46
1483 6442.61
1484 6442.9
1485 6443.74
1486 6444.63
1487 6444.76
1488 6446.01
1489 6448.12
1490 6448.23
1491 6451.94
1492 6452.31
1493 6453.85
1494 6454.39
1495 6454.58
1496 6454.6
1497 6455.39
1498 6455.57
1499 6457.61
1500 6458.01
1501 6458.03
1502 6459.25
1503 6459.57
1504 6460.01
1505 6462.06
1506 6462.27
1507 6462.3
1508 6462.32
1509 6462.73
1510 6463.09
1511 6463.56
1512 6469.01
1513 6471.42
1514 6471.89
1515 6474.11
1516 6474.69
1517 6479.91
1518 6480.07
1519 6483.3
1520 6485.14
1521 6485.15
1522 6486.47
1523 6486.61
1524 6486.63
1525 6488.34
1526 6489.09
1527 6490.68
1528 6493.43
1529 6494.15
1530 6494.71
1531 6498.03
1532 6498.92
1533 6502.14
1534 6504.98
1535 6505.92
1536 6512.29
1537 6512.63
1538 6516.52
1539 6518.7
1540 6522.19
1541 6523.49
1542 6523.68
1543 6524.4
1544 6526.22
1545 6528.57
1546 6530.7
1547 6530.82
1548 6531.59
1549 6532.18
1550 6534.77
1551 6538.22
1552 6540.93
1553 6544.63
1554 6545.54
1555 6546.06
1556 6548.34
1557 6549.18
1558 6550.64
1559 6553.66
1560 6556.33
1561 6561.63
1562 6562.29
1563 6564.87
1564 6565.37
1565 6566.7
1566 6567.37
1567 6567.6
1568 6571.1
1569 6572.39
1570 6572.87
1571 6573.22
1572 6574.75
1573 6575.53
1574 6575.77
1575 6575.78
1576 6577.81
1577 6577.98
1578 6578.61
1579 6578.97
1580 6583.04
1581 6583.87
1582 6584.93
1583 6587.12
1584 6589.23
1585 6589.72
1586 6590.2
1587 6591.77
1588 6594.6
1589 6594.92
1590 6598.32
1591 6598.49
1592 6598.87
1593 6600.47
1594 6605.85
1595 6607.39
1596 6611.77
1597 6611.9
1598 6612.09
1599 6612.74
1600 6612.97
1601 6613.39
1602 6613.97
1603 6615.13
1604 6616.44
1605 6620.36
1606 6624.11
1607 6625.73
1608 6628.02
1609 6630.13
1610 6631.51
1611 6633.33
1612 6634.09
1613 6635.54
1614 6635.98
1615 6639.13
1616 6639.41
1617 6642.96
1618 6644.28
1619 6646.74
1620 6646.8
1621 6647.5
1622 6649.91
1623 6651.46
1624 6654.8
1625 6655.59
1626 6658.69
1627 6659.07
1628 6659.96
1629 6660.61
1630 6660.76
1631 6662.64
1632 6664.87
1633 6665.4
1634 6665.54
1635 6665.6
1636 6665.89
1637 6667.53
1638 6668.14
1639 6672.23
1640 6672.86
1641 6673.75
1642 6677.46
1643 6681.09
1644 6681.52
1645 6682.35
1646 6682.46
1647 6682.73
1648 6683.11
1649 6683.93
1650 6685.23
1651 6686.55
1652 6688.4
1653 6690.75
1654 6693.11
1655 6693.25
1656 6693.88
1657 6694.82
1658 6696.63
1659 6699.82
1660 6703.62
1661 6704.41
1662 6707.4
1663 6709.87
1664 6710.64
1665 6710.7
1666 6711.04
1667 6715.22
1668 6715.27
1669 6717.04
1670 6718.5
1671 6718.81
1672 6719.21
1673 6719.96
1674 6720.08
1675 6721.08
1676 6724.18
1677 6725.61
1678 6730.27
1679 6732.09
1680 6733.23
1681 6733.46
1682 6734.46
1683 6734.51
1684 6734.73
1685 6734.9
1686 6735.89
1687 6736.79
1688 6737.29
1689 6738.6
1690 6742.39
1691 6748.1
1692 6748.18
1693 6749.03
1694 6750.54
1695 6750.78
1696 6757.07
1697 6757.17
1698 6760.82
1699 6764.59
1700 6767.1
1701 6769.86
1702 6777.78
1703 6779.18
1704 6780.3
1705 6780.64
1706 6781.94
1707 6784.52
1708 6785.09
1709 6786.06
1710 6787.03
1711 6788.58
1712 6789.77
1713 6794.33
1714 6799.97
1715 6800.24
1716 6806.43
1717 6808.5
1718 6809.41
1719 6809.86
1720 6810.25
1721 6813.09
1722 6813.4
1723 6815.09
1724 6815.32
1725 6818.2
1726 6823.52
1727 6825.95
1728 6834.24
1729 6838.25
1730 6843.98
1731 6846.95
1732 6848.24
1733 6850.99
1734 6855.74
1735 6856.74
1736 6861.65
1737 6864.39
1738 6868.65
1739 6872.84
1740 6874.91
1741 6874.98
1742 6877.01
1743 6877.12
1744 6877.77
1745 6878.88
1746 6879.11
1747 6879.51
1748 6880.09
1749 6880.18
1750 6881.72
1751 6881.87
1752 6882.48
1753 6882.87
1754 6883.05
1755 6885.12
1756 6885.6
1757 6888.43
1758 6889.42
1759 6889.89
1760 6890.44
1761 6893.14
1762 6893.3
1763 6894.66
1764 6895.01
1765 6896.31
1766 6898.66
1767 6898.78
1768 6898.9
1769 6901.48
1770 6901.68
1771 6901.75
1772 6904.12
1773 6909.02
1774 6910.14
1775 6911.21
1776 6911.64
1777 6918.48
1778 6920.9
1779 6922.57
1780 6931.8
1781 6932.17
1782 6938.26
1783 6938.86
1784 6941.38
1785 6943.68
1786 6945.48
1787 6946.27
1788 6949.04
1789 6949.08
1790 6952.21
1791 6952.54
1792 6953.34
1793 6954.1
1794 6955.87
1795 6956.28
1796 6956.88
1797 6959.64
1798 6959.73
1799 6960.95
1800 6964.6
1801 6966.35
1802 6966.48
1803 6970.69
1804 6973.28
1805 6973.9
1806 6974.51
1807 6975.26
1808 6977.36
1809 6978.6
1810 6979.13
1811 6980.88
1812 6982.9
1813 6984.58
1814 6985.32
1815 6988.65
1816 6989.15
1817 6989.46
1818 6993.38
1819 6995.2
1820 6995.83
1821 6997.24
1822 6997.29
1823 6999.65
1824 7000.03
1825 7000.09
1826 7000.45
1827 7000.74
1828 7002.54
1829 7006.67
1830 7008.35
1831 7013.97
1832 7013.99
1833 7014.47
1834 7017.6
1835 7018.68
1836 7019.75
1837 7021.32
1838 7024.06
1839 7024.58
1840 7026.24
1841 7027.11
1842 7028.01
1843 7028.43
1844 7028.73
1845 7030.72
1846 7033
1847 7033.25
1848 7033.37
1849 7034.03
1850 7034.1
1851 7034.96
1852 7038.78
1853 7039.37
1854 7039.77
1855 7040.26
1856 7040.9
1857 7042.64
1858 7043.23
1859 7046.11
1860 7046.22
1861 7047.87
1862 7048.25
1863 7049.05
1864 7049.74
1865 7051.85
1866 7053.29
1867 7053.38
1868 7056.15
1869 7056.67
1870 7056.71
1871 7059.89
1872 7059.94
1873 7065.65
1874 7068.8
1875 7069.51
1876 7069.9
1877 7070.35
1878 7071.63
1879 7071.67
1880 7072.08
1881 7072.08
1882 7074.15
1883 7074.82
1884 7075.1
1885 7075.13
1886 7075.65
1887 7076.85
1888 7077.71
1889 7078.1
1890 7080.31
1891 7080.84
1892 7080.97
1893 7082.97
1894 7083.63
1895 7085.03
1896 7085.67
1897 7086.37
1898 7086.74
1899 7088.49
1900 7088.83
1901 7089.95
1902 7090.04
1903 7091.67
1904 7092.58
1905 7093.04
1906 7093.05
1907 7096.04
1908 7097.42
1909 7098.08
1910 7102.74
1911 7103.62
1912 7104.27
1913 7104.65
1914 7105.76
1915 7106.09
1916 7110.73
1917 7110.8
1918 7116.83
1919 7120.23
1920 7120.44
1921 7120.51
1922 7124.49
1923 7124.89
1924 7127
1925 7129.04
1926 7130.07
1927 7130.86
1928 7130.93
1929 7132
1930 7134.06
1931 7135.89
1932 7136
1933 7136.05
1934 7136.06
1935 7136.21
1936 7137.93
1937 7140.68
1938 7142.63
1939 7143.84
1940 7145.77
1941 7146.98
1942 7147.75
1943 7148.57
1944 7151.13
1945 7151.19
1946 7151.42
1947 7151.99
1948 7152.29
1949 7153.13
1950 7155.45
1951 7155.83
1952 7156.96
1953 7157.83
1954 7158.88
1955 7159.75
1956 7161.61
1957 7163.99
1958 7164.68
1959 7166.05
1960 7166.38
1961 7167.35
1962 7168.98
1963 7169.61
1964 7171.77
1965 7174.2
1966 7175.19
1967 7176.35
1968 7178.34
1969 7178.69
1970 7178.87
1971 7179.64
1972 7181.54
1973 7181.77
1974 7182.2
1975 7182.59
1976 7182.61
1977 7183.01
1978 7184.65
1979 7185.36
1980 7186.58
1981 7188.21
1982 7192.23
1983 7195.71
1984 7195.94
1985 7196.5
1986 7199.6
1987 7204.04
1988 7209.04
1989 7210.47
1990 7211.96
1991 7212.87
1992 7215.88
1993 7217.51
1994 7217.83
1995 7221.08
1996 7222.05
1997 7224.59
1998 7225.38
1999 7228.41
2000 7228.47
2001 7228.68
2002 7232.51
2003 7233.62
2004 7233.69
2005 7233.78
2006 7234.57
2007 7236.68
2008 7236.85
2009 7237.71
2010 7242.37
2011 7242.4
2012 7242.63
2013 7243.16
2014 7244.32
2015 7244.76
2016 7250.72
2017 7251.35
2018 7254.06
2019 7254.51
2020 7256.95
2021 7257.48
2022 7257.91
2023 7259.54
2024 7261.48
2025 7261.8
2026 7262.08
2027 7265.7
2028 7267.75
2029 7267.96
2030 7269.6
2031 7270.49
2032 7273.13
2033 7273.41
2034 7274.89
2035 7278.96
2036 7279.05
2037 7281.5
2038 7284.61
2039 7286.33
2040 7287.18
2041 7289.33
2042 7289.62
2043 7292.34
2044 7293.22
2045 7293.8
2046 7295.32
2047 7295.46
2048 7296.28
2049 7299.49
2050 7301.5
2051 7305.5
2052 7308.68
2053 7309.69
2054 7309.83
2055 7309.96
2056 7312.59
2057 7313.99
2058 7314.88
2059 7316.57
2060 7319.8
2061 7322.73
2062 7322.93
2063 7324.22
2064 7324.71
2065 7325.62
2066 7326.01
2067 7326.07
2068 7326.72
2069 7326.75
2070 7329.37
2071 7330.24
2072 7330.74
2073 7332.08
2074 7334.63
2075 7335.18
2076 7335.2
2077 7337.14
2078 7337.48
2079 7337.85
2080 7340.08
2081 7341.11
2082 7342.29
2083 7342.96
2084 7344.56
2085 7344.59
2086 7345.04
2087 7345.16
2088 7345.22
2089 7346.26
2090 7348.77
2091 7353.37
2092 7353.86
2093 7355.69
2094 7356.77
2095 7358.08
2096 7359.37
2097 7359.48
2098 7360.28
2099 7361.04
2100 7361.45
2101 7361.94
2102 7362.69
2103 7366.23
2104 7367.19
2105 7367.29
2106 7367.44
2107 7367.97
2108 7367.99
2109 7368.08
2110 7368.59
2111 7370.44
2112 7371.17
2113 7371.44
2114 7373.04
2115 7373.98
2116 7376.56
2117 7376.76
2118 7377.18
2119 7382.35
2120 7383.26
2121 7384.69
2122 7385.68
2123 7386.89
2124 7387.37
2125 7387.4
2126 7387.52
2127 7387.78
2128 7387.81
2129 7388.94
2130 7391.15
2131 7391.37
2132 7391.66
2133 7394.1
2134 7395.64
2135 7397.06
2136 7397.62
2137 7398.65
2138 7398.71
2139 7401.37
2140 7401.49
2141 7401.81
2142 7407.37
2143 7407.41
2144 7407.98
2145 7408.4
2146 7408.76
2147 7410.34
2148 7410.87
2149 7411.58
2150 7411.88
2151 7413.11
2152 7416.2
2153 7417.03
2154 7417.46
2155 7418.36
2156 7418.9
2157 7419.7
2158 7420.06
2159 7422.59
2160 7423.57
2161 7424.43
2162 7424.91
2163 7426.63
2164 7426.96
2165 7427.36
2166 7428.33
2167 7429.61
2168 7429.98
2169 7430.2
2170 7430.93
2171 7431.91
2172 7433.7
2173 7434.93
2174 7436.1
2175 7436.3
2176 7437.04
2177 7437.98
2178 7439.96
2179 7440.24
2180 7441.12
2181 7441.84
2182 7444.94
2183 7445.1
2184 7448.41
2185 7450.3
2186 7450.53
2187 7451.06
2188 7451.35
2189 7451.72
2190 7454.06
2191 7458.56
2192 7460.31
2193 7461.12
2194 7463.05
2195 7464.4
2196 7465.41
2197 7466.82
2198 7467.04
2199 7467.74
2200 7467.92
2201 7468.22
2202 7469.01
2203 7469.03
2204 7469.23
2205 7469.33
2206 7470.3
2207 7471.02
2208 7474.05
2209 7474.16
2210 7474.19
2211 7474.45
2212 7474.71
2213 7475.71
2214 7477.3
2215 7477.53
2216 7479.25
2217 7480.41
2218 7480.5
2219 7480.88
2220 7480.89
2221 7481.09
2222 7482.74
2223 7484.01
2224 7484.37
2225 7484.5
2226 7485.13
2227 7485.79
2228 7488.03
2229 7488.26
2230 7490.21
2231 7490.91
2232 7491.06
2233 7491.21
2234 7492.85
2235 7493.11
2236 7493.12
2237 7494.6
2238 7496.58
2239 7496.61
2240 7498.15
2241 7498.17
2242 7498.84
2243 7500.79
2244 7501.63
2245 7501.72
2246 7502.46
2247 7502.93
2248 7503.31
2249 7503.55
2250 7505.17
2251 7506.81
2252 7507.15
2253 7509.17
2254 7515.78
2255 7517.05
2256 7517.08
2257 7519.93
2258 7521.13
2259 7521.35
2260 7523.54
2261 7524.67
2262 7525.65
2263 7526.55
2264 7529.01
2265 7529.67
2266 7532.22
2267 7533.95
2268 7534.46
2269 7535.52
2270 7535.82
2271 7535.88
2272 7536.05
2273 7536.7
2274 7538.08
2275 7538.82
2276 7540.14
2277 7542.04
2278 7543.5
2279 7543.96
2280 7545.03
2281 7545.29
2282 7545.71
2283 7547.98
2284 7548.37
2285 7548.48
2286 7548.76
2287 7549.21
2288 7550.13
2289 7550.23
2290 7550.55
2291 7551.57
2292 7552.8
2293 7552.98
2294 7553.3
2295 7557.01
2296 7559.16
2297 7559.63
2298 7560.03
2299 7560.04
2300 7560.05
2301 7561.86
2302 7563.18
2303 7565.21
2304 7567.1
2305 7567.72
2306 7568.2
2307 7569.8
2308 7570.27
2309 7570.45
2310 7571.96
2311 7572.16
2312 7572.91
2313 7573.87
2314 7576.42
2315 7576.64
2316 7577.4
2317 7577.75
2318 7577.85
2319 7578.01
2320 7578.8
2321 7579.48
2322 7580.09
2323 7580.17
2324 7581.5
2325 7581.96
2326 7582.15
2327 7582.21
2328 7585.3
2329 7585.51
2330 7585.87
2331 7587.69
2332 7588.04
2333 7588.23
2334 7589.89
2335 7590.44
2336 7592.01
2337 7592.53
2338 7593.49
2339 7595.44
2340 7595.46
2341 7595.71
2342 7596.6
2343 7597.42
2344 7597.44
2345 7597.62
2346 7598.45
2347 7598.72
2348 7598.79
2349 7598.81
2350 7598.88
2351 7599.76
2352 7599.88
2353 7599.91
2354 7600.79
2355 7600.87
2356 7600.98
2357 7602.7
2358 7603.23
2359 7605
2360 7606.2
2361 7606.69
2362 7607.11
2363 7607.93
2364 7608.44
2365 7608.66
2366 7608.85
2367 7608.88
2368 7609.5
2369 7609.9
2370 7610.57
2371 7610.78
2372 7612
2373 7612.12
2374 7612.68
2375 7612.8
2376 7613.57
2377 7613.69
2378 7614.6
2379 7614.97
2380 7615.45
2381 7615.89
2382 7616.06
2383 7616.28
2384 7616.64
2385 7616.98
2386 7618.55
2387 7620.94
2388 7621.72
2389 7622.01
2390 7622.69
2391 7623.18
2392 7623.26
2393 7624.62
2394 7626.05
2395 7627.74
2396 7629.09
2397 7629.15
2398 7629.52
2399 7630.15
2400 7631.28
2401 7634.19
2402 7634.92
2403 7635.56
2404 7636.3
2405 7636.57
2406 7637.02
2407 7639.3
2408 7639.55
2409 7639.82
2410 7640.44
2411 7640.68
2412 7642.26
2413 7643.74
2414 7645.78
2415 7646.19
2416 7646.81
2417 7647.01
2418 7647.25
2419 7648.35
2420 7648.41
2421 7649.05
2422 7649.23
2423 7649.28
2424 7649.83
2425 7650.91
2426 7652.46
2427 7652.47
2428 7654.9
2429 7656.67
2430 7657.34
2431 7659.53
2432 7659.55
2433 7662.92
2434 7663.23
2435 7664.01
2436 7664.57
2437 7664.73
2438 7665.63
2439 7666.26
2440 7666.34
2441 7666.64
2442 7668.06
2443 7668.25
2444 7668.4
2445 7669.63
2446 7670.77
2447 7670.93
2448 7672.58
2449 7673.99
2450 7674.99
2451 7675.64
2452 7675.72
2453 7676.81
2454 7677.47
2455 7677.62
2456 7677.91
2457 7678.67
2458 7678.67
2459 7680.87
2460 7681.85
2461 7682.34
2462 7682.97
2463 7683.8
2464 7684
2465 7684.63
2466 7684.67
2467 7685.48
2468 7686.52
2469 7687.15
2470 7687.98
2471 7689.74
2472 7690.19
2473 7690.65
2474 7692.96
2475 7693.33
2476 7694.58
2477 7694.99
2478 7695.63
2479 7695.75
2480 7695.96
2481 7695.99
2482 7696.9
2483 7698.52
2484 7698.77
2485 7699.12
2486 7699.5
2487 7699.64
2488 7700.29
2489 7700.43
2490 7700.95
2491 7701.22
2492 7701.29
2493 7701.5
2494 7701.54
2495 7704.52
2496 7706.26
2497 7706.67
2498 7707.44
2499 7707.59
2500 7710.4
2501 7712.03
2502 7714.51
2503 7714.56
2504 7714.67
2505 7715.1
2506 7715.16
2507 7715.59
2508 7715.99
2509 7718.06
2510 7718.68
2511 7719.09
2512 7719.8
2513 7720.82
2514 7720.87
2515 7721.59
2516 7721.66
2517 7722.91
2518 7723.22
2519 7724.52
2520 7724.92
2521 7727.55
2522 7727.59
2523 7728.54
2524 7729.86
2525 7732.87
2526 7732.93
2527 7733.18
2528 7733.21
2529 7733.77
2530 7734.13
2531 7734.26
2532 7736.2
2533 7736.32
2534 7736.71
2535 7736.83
2536 7736.98
2537 7737.46
2538 7738.05
2539 7738.12
2540 7738.64
2541 7738.84
2542 7739.16
2543 7739.59
2544 7739.76
2545 7739.91
2546 7741.2
2547 7741.24
2548 7741.36
2549 7741.76
2550 7742.17
2551 7742.88
2552 7744.18
2553 7745.26
2554 7748.01
2555 7748.33
2556 7749.66
2557 7751.32
2558 7751.6
2559 7751.79
2560 7752.79
2561 7752.8
2562 7753.52
2563 7753.63
2564 7754.59
2565 7755.09
2566 7756.18
2567 7756.31
2568 7757.03
2569 7757.06
2570 7757.09
2571 7757.76
2572 7758.03
2573 7759.1
2574 7759.93
2575 7759.98
2576 7760.63
2577 7760.85
2578 7761.22
2579 7761.71
2580 7762.01
2581 7762.22
2582 7762.27
2583 7763.53
2584 7765.02
2585 7766.2
2586 7766.69
2587 7768.3
2588 7768.45
2589 7768.71
2590 7770.57
2591 7770.59
2592 7770.81
2593 7772.13
2594 7775.64
2595 7776.36
2596 7777.03
2597 7779.08
2598 7779.22
2599 7781.91
2600 7782.94
2601 7783.12
2602 7783.5
2603 7784.8
2604 7784.81
2605 7785.62
2606 7786.65
2607 7786.92
2608 7787.27
2609 7787.45
2610 7788.14
2611 7788.27
2612 7788.42
2613 7790.01
2614 7791.35
2615 7792.08
2616 7792.68
2617 7793.31
2618 7795.07
2619 7796.22
2620 7797.42
2621 7797.78
2622 7797.87
2623 7798.03
2624 7798.59
2625 7798.99
2626 7801.05
2627 7802
2628 7802.69
2629 7803.02
2630 7805.99
2631 7806.26
2632 7806.85
2633 7807.39
2634 7807.62
2635 7809.07
2636 7809.45
2637 7811.02
2638 7811.18
2639 7811.34
2640 7811.64
2641 7811.8
2642 7811.84
2643 7811.87
2644 7814.38
2645 7814.89
2646 7817.49
2647 7819.09
2648 7819.13
2649 7819.15
2650 7819.39
2651 7820.84
2652 7821.32
2653 7821.63
2654 7822.71
2655 7823.67
2656 7823.72
2657 7823.9
2658 7823.97
2659 7824.54
2660 7824.55
2661 7824.61
2662 7827.05
2663 7828.67
2664 7829.39
2665 7829.79
2666 7830.21
2667 7830.85
2668 7832.65
2669 7832.98
2670 7833.98
2671 7835.37
2672 7835.54
2673 7835.57
2674 7835.98
2675 7836.84
2676 7836.94
2677 7838.1
2678 7838.47
2679 7840.08
2680 7841.43
2681 7842.22
2682 7842.47
2683 7844.93
2684 7845.17
2685 7845.69
2686 7845.87
2687 7847.84
2688 7848.33
2689 7848.87
2690 7849.83
2691 7850.02
2692 7850.06
2693 7850.14
2694 7851.31
2695 7852.06
2696 7852.36
2697 7853.13
2698 7854.22
2699 7854.85
2700 7854.88
2701 7855.06
2702 7855.97
2703 7856
2704 7856.12
2705 7856.14
2706 7856.36
2707 7857.08
2708 7857.98
2709 7859.32
2710 7859.53
2711 7859.89
2712 7862.27
2713 7862.9
2714 7865.28
2715 7866.88
2716 7867.34
2717 7869.7
2718 7869.91
2719 7872.66
2720 7872.99
2721 7873.31
2722 7875.42
2723 7875.75
2724 7876.37
2725 7876.49
2726 7876.86
2727 7877.82
2728 7879.91
2729 7880.9
2730 7883.37
2731 7883.61
2732 7883.9
2733 7884.08
2734 7884.4
2735 7884.41
2736 7884.99
2737 7886.34
2738 7886.34
2739 7886.94
2740 7887.26
2741 7888.63
2742 7888.66
2743 7890.11
2744 7890.9
2745 7890.95
2746 7891.58
2747 7892.13
2748 7893.72
2749 7893.97
2750 7894.12
2751 7894.15
2752 7894.36
2753 7894.46
2754 7894.47
2755 7894.97
2756 7895.03
2757 7895.18
2758 7897.91
2759 7897.98
2760 7898.91
2761 7899.24
2762 7900.2
2763 7900.21
2764 7900.34
2765 7900.39
2766 7900.42
2767 7901.5
2768 7901.96
2769 7902.44
2770 7903.04
2771 7903.08
2772 7903.38
2773 7904.53
2774 7905.1
2775 7906.65
2776 7907.67
2777 7910.78
2778 7911.42
2779 7911.68
2780 7912.91
2781 7913.18
2782 7916.85
2783 7916.92
2784 7917.3
2785 7917.66
2786 7918.04
2787 7918.61
2788 7920.06
2789 7920.8
2790 7921.29
2791 7921.5
2792 7921.85
2793 7923.16
2794 7923.77
2795 7924.1
2796 7925
2797 7925.2
2798 7926.66
2799 7927.31
2800 7927.31
2801 7927.49
2802 7927.55
2803 7928.94
2804 7930.77
2805 7930.8
2806 7931.09
2807 7932.71
2808 7932.91
2809 7933
2810 7933.17
2811 7934.26
2812 7934.51
2813 7935.54
2814 7936.85
2815 7937.3
2816 7937.74
2817 7937.97
2818 7940.64
2819 7941.22
2820 7941.44
2821 7942.35
2822 7942.67
2823 7942.77
2824 7943.53
2825 7945.76
2826 7947.45
2827 7947.68
2828 7947.72
2829 7949.42
2830 7950.3
2831 7951.33
2832 7951.66
2833 7951.76
2834 7952.17
2835 7954.82
2836 7956.28
2837 7957.46
2838 7957.53
2839 7957.71
2840 7959.29
2841 7959.34
2842 7960
2843 7960.51
2844 7960.88
2845 7961.54
2846 7962.22
2847 7962.91
2848 7963.3
2849 7963.54
2850 7964.49
2851 7964.63
2852 7964.67
2853 7967.62
2854 7968.9
2855 7970.38
2856 7971.04
2857 7971.18
2858 7972.14
2859 7972.59
2860 7972.66
2861 7972.7
2862 7973.3
2863 7973.58
2864 7974.65
2865 7975.03
2866 7975.93
2867 7976.74
2868 7978.69
2869 7979.4
2870 7981.94
2871 7984.39
2872 7984.56
2873 7984.65
2874 7984.65
2875 7986.27
2876 7986.56
2877 7986.89
2878 7988.57
2879 7990.39
2880 7990.53
2881 7992.89
2882 7993.71
2883 7994.71
2884 7995.51
2885 7996.76
2886 8000.04
2887 8000.6
2888 8001.5
2889 8001.68
2890 8001.82
2891 8002.3
2892 8002.76
2893 8003.31
2894 8003.53
2895 8004.25
2896 8004.61
2897 8004.74
2898 8004.89
2899 8005.24
2900 8005.46
2901 8007.39
2902 8010.46
2903 8011.02
2904 8011.69
2905 8013.09
2906 8014.31
2907 8015.14
2908 8015.86
2909 8016.01
2910 8016.93
2911 8017.56
2912 8018.47
2913 8019.18
2914 8021.75
2915 8021.84
2916 8021.89
2917 8022.06
2918 8023.71
2919 8024.41
2920 8024.69
2921 8025.02
2922 8025.93
2923 8026.32
2924 8029.1
2925 8029.31
2926 8029.46
2927 8029.73
2928 8029.74
2929 8029.81
2930 8030.56
2931 8031.51
2932 8031.54
2933 8034.14
2934 8034.49
2935 8035.29
2936 8036
2937 8037.96
2938 8038.07
2939 8038.72
2940 8038.86
2941 8038.91
2942 8040.16
2943 8043.54
2944 8043.92
2945 8045.01
2946 8045.12
2947 8046.19
2948 8046.23
2949 8047.74
2950 8048.14
2951 8048.39
2952 8052.31
2953 8052.54
2954 8052.7
2955 8053.69
2956 8053.83
2957 8053.97
2958 8054.05
2959 8054.94
2960 8056.22
2961 8056.56
2962 8057.27
2963 8057.49
2964 8057.6
2965 8057.82
2966 8059.02
2967 8059.75
2968 8059.94
2969 8060.54
2970 8062.03
2971 8062.21
2972 8062.31
2973 8063
2974 8064.2
2975 8065.11
2976 8066.06
2977 8066.51
2978 8067.6
2979 8071.36
2980 8073.35
2981 8073.97
2982 8075.11
2983 8075.2
2984 8076.61
2985 8080.6
2986 8081.55
2987 8083.43
2988 8083.44
2989 8083.49
2990 8084.45
2991 8084.5
2992 8085.06
2993 8085.93
2994 8088.37
2995 8089.65
2996 8090.22
2997 8090.29
2998 8091.3
2999 8092.02
3000 8092.03
3001 8093.66
3002 8095.2
3003 8095.84
3004 8095.95
3005 8095.98
3006 8096.14
3007 8096.86
3008 8097.13
3009 8097.57
3010 8098.84
3011 8099.45
3012 8099.75
3013 8099.88
3014 8101.63
3015 8104.26
3016 8105.45
3017 8105.59
3018 8106.66
3019 8107.94
3020 8108.05
3021 8108.71
3022 8110.2
3023 8111.57
3024 8112.28
3025 8114.26
3026 8114.44
3027 8114.92
3028 8115.27
3029 8115.89
3030 8116.15
3031 8116.78
3032 8117.42
3033 8117.75
3034 8118.05
3035 8118.08
3036 8118.34
3037 8119.98
3038 8120.89
3039 8121.44
3040 8121.62
3041 8121.78
3042 8122.11
3043 8123.1
3044 8124.62
3045 8125.26
3046 8127.09
3047 8127.87
3048 8128.51
3049 8130.28
3050 8131.23
3051 8131.24
3052 8131.26
3053 8131.83
3054 8132.35
3055 8132.6
3056 8134.91
3057 8135.03
3058 8135.48
3059 8135.56
3060 8138.63
3061 8140.48
3062 8141.59
3063 8142.48
3064 8143.25
3065 8143.93
3066 8144.04
3067 8144.95
3068 8145.21
3069 8146.43
3070 8146.44
3071 8147.34
3072 8149.4
3073 8153.57
3074 8154.67
3075 8156.29
3076 8156.39
3077 8156.82
3078 8156.96
3079 8157.73
3080 8158.14
3081 8158.33
3082 8158.63
3083 8159.68
3084 8159.97
3085 8160.55
3086 8161.39
3087 8161.46
3088 8163.06
3089 8163.55
3090 8163.58
3091 8163.82
3092 8164.2
3093 8166.62
3094 8167.07
3095 8167.37
3096 8167.96
3097 8168.06
3098 8168.2
3099 8169.05
3100 8169.1
3101 8169.77
3102 8171.94
3103 8173.08
3104 8173.41
3105 8173.87
3106 8174.92
3107 8176.76
3108 8176.82
3109 8177.12
3110 8177.22
3111 8178.69
3112 8179.35
3113 8179.54
3114 8179.54
3115 8181.24
3116 8181.49
3117 8181.91
3118 8182.56
3119 8184.2
3120 8184.65
3121 8184.66
3122 8184.68
3123 8185.47
3124 8186.96
3125 8187.02
3126 8187.51
3127 8187.95
3128 8188.11
3129 8188.63
3130 8189.44
3131 8191.22
3132 8191.46
3133 8191.54
3134 8192.11
3135 8193.42
3136 8194.88
3137 8195.26
3138 8196.19
3139 8196.4
3140 8196.56
3141 8200.43
3142 8201.02
3143 8201.37
3144 8201.79
3145 8202.54
3146 8204.46
3147 8204.5
3148 8205.3
3149 8207.85
3150 8208.77
3151 8208.99
3152 8209.07
3153 8209.18
3154 8209.78
3155 8210.99
3156 8211.4
3157 8212.07
3158 8213.42
3159 8214.25
3160 8214.65
3161 8215.45
3162 8216.17
3163 8216.41
3164 8216.52
3165 8217.58
3166 8219.45
3167 8219.53
3168 8220.49
3169 8220.93
3170 8221.1
3171 8221.79
3172 8225.36
3173 8226.15
3174 8229.59
3175 8229.62
3176 8230.68
3177 8234.78
3178 8237.42
3179 8237.78
3180 8237.83
3181 8240.65
3182 8240.89
3183 8243.29
3184 8244.18
3185 8244.19
3186 8246.1
3187 8248.02
3188 8248.32
3189 8249
3190 8249.78
3191 8249.9
3192 8251.82
3193 8254.68
3194 8254.8
3195 8255.34
3196 8255.54
3197 8257.32
3198 8257.88
3199 8258.95
3200 8259.99
3201 8260.11
3202 8260.21
3203 8262.2
3204 8262.87
3205 8263.05
3206 8264.48
3207 8265.09
3208 8265.96
3209 8267.09
3210 8267.66
3211 8268.68
3212 8273.33
3213 8273.96
3214 8274.36
3215 8276.26
3216 8279.99
3217 8280.1
3218 8280.26
3219 8280.9
3220 8281.45
3221 8281.97
3222 8282.17
3223 8282.69
3224 8282.86
3225 8283.38
3226 8283.45
3227 8283.71
3228 8283.9
3229 8283.92
3230 8284.03
3231 8285.89
3232 8286.31
3233 8286.92
3234 8287.09
3235 8289.39
3236 8289.98
3237 8291.04
3238 8292.74
3239 8292.83
3240 8293.9
3241 8293.91
3242 8294.12
3243 8294.79
3244 8295.4
3245 8295.88
3246 8295.94
3247 8297.05
3248 8297.77
3249 8299.12
3250 8299.37
3251 8300.66
3252 8300.71
3253 8303.99
3254 8305.03
3255 8305.64
3256 8305.82
3257 8306.12
3258 8306.98
3259 8307.04
3260 8307.29
3261 8307.67
3262 8309.37
3263 8311.01
3264 8311.74
3265 8312.15
3266 8312.21
3267 8313.72
3268 8313.87
3269 8314.67
3270 8314.68
3271 8315.7
3272 8316.05
3273 8317.27
3274 8318.59
3275 8319.67
3276 8320.61
3277 8323.05
3278 8323.82
3279 8324.36
3280 8324.58
3281 8325.04
3282 8326.68
3283 8327.62
3284 8328.63
3285 8329.5
3286 8332.18
3287 8333.29
3288 8333.66
3289 8334.64
3290 8337.62
3291 8337.82
3292 8337.9
3293 8338.06
3294 8338.88
3295 8340.47
3296 8342.2
3297 8343.23
3298 8343.86
3299 8344.44
3300 8344.73
3301 8344.76
3302 8345.59
3303 8346.39
3304 8346.62
3305 8349.04
3306 8349.37
3307 8349.91
3308 8349.99
3309 8352.36
3310 8352.93
3311 8354.05
3312 8354.14
3313 8355.26
3314 8356.89
3315 8357.85
3316 8358.49
3317 8359.02
3318 8361.33
3319 8362.43
3320 8363.28
3321 8364.55
3322 8365.63
3323 8365.86
3324 8365.92
3325 8367.17
3326 8367.72
3327 8367.88
3328 8368.19
3329 8368.78
3330 8370
3331 8370.26
3332 8372.48
3333 8374.68
3334 8374.91
3335 8375.54
3336 8375.65
3337 8375.76
3338 8376.94
3339 8377.05
3340 8377.9
3341 8379.75
3342 8381.6
3343 8383.05
3344 8386.13
3345 8387.35
3346 8388.18
3347 8390.05
3348 8391.95
3349 8392.55
3350 8393.62
3351 8394.1
3352 8394.12
3353 8394.14
3354 8394.75
3355 8396.2
3356 8396.95
3357 8398.4
3358 8398.6
3359 8398.84
3360 8400.14
3361 8406.83
3362 8407.4
3363 8407.83
3364 8408.53
3365 8411.16
3366 8411.88
3367 8412.76
3368 8413.48
3369 8413.72
3370 8414.61
3371 8415.01
3372 8415.07
3373 8418
3374 8418.27
3375 8419.32
3376 8419.42
3377 8419.72
3378 8420
3379 8420.98
3380 8421.74
3381 8424.17
3382 8425.38
3383 8428.09
3384 8428.84
3385 8430.56
3386 8430.58
3387 8433.77
3388 8435.3
3389 8436.95
3390 8438.1
3391 8441.19
3392 8442.29
3393 8443.39
3394 8444.62
3395 8445.5
3396 8445.63
3397 8445.96
3398 8447.03
3399 8448.84
3400 8449.34
3401 8449.56
3402 8450.06
3403 8450.49
3404 8450.63
3405 8450.72
3406 8454.27
3407 8454.49
3408 8456.06
3409 8456.46
3410 8456.86
3411 8457.4
3412 8458.87
3413 8462.08
3414 8462.14
3415 8462.57
3416 8463.3
3417 8463.61
3418 8463.9
3419 8465.02
3420 8465.06
3421 8465.45
3422 8466.84
3423 8467.37
3424 8467.7
3425 8467.71
3426 8467.76
3427 8470.07
3428 8470.11
3429 8473.87
3430 8476.99
3431 8477.2
3432 8478.86
3433 8479.08
3434 8481.35
3435 8483.95
3436 8484.11
3437 8484.9
3438 8485.69
3439 8485.73
3440 8485.89
3441 8488.06
3442 8490.25
3443 8490.84
3444 8491.01
3445 8492.32
3446 8493.46
3447 8494.14
3448 8495.23
3449 8497.13
3450 8499.37
3451 8500.01
3452 8500.16
3453 8500.41
3454 8505.51
3455 8506.28
3456 8508.04
3457 8510.86
3458 8510.87
3459 8512.3
3460 8512.88
3461 8513.3
3462 8513.68
3463 8514.27
3464 8514.48
3465 8514.68
3466 8515.6
3467 8518.13
3468 8519.55
3469 8520.02
3470 8520.11
3471 8522.51
3472 8524.41
3473 8524.57
3474 8524.62
3475 8524.99
3476 8528.33
3477 8528.94
3478 8529.35
3479 8529.56
3480 8530.68
3481 8531.18
3482 8531.38
3483 8532.83
3484 8535.04
3485 8535.59
3486 8535.75
3487 8535.87
3488 8535.96
3489 8536.05
3490 8536.22
3491 8536.9
3492 8538.57
3493 8541.5
3494 8541.64
3495 8541.95
3496 8542.27
3497 8544.05
3498 8545.08
3499 8546.54
3500 8548.14
3501 8550.27
3502 8553.06
3503 8554.31
3504 8554.54
3505 8556.01
3506 8556.02
3507 8556.23
3508 8556.68
3509 8559.46
3510 8559.87
3511 8560.28
3512 8560.44
3513 8560.61
3514 8562.59
3515 8563.05
3516 8563.48
3517 8563.55
3518 8566.2
3519 8567.28
3520 8567.82
3521 8567.92
3522 8568.08
3523 8568.65
3524 8571.08
3525 8572.09
3526 8572.59
3527 8573.38
3528 8573.64
3529 8573.72
3530 8574.91
3531 8575.62
3532 8575.75
3533 8576.12
3534 8576.4
3535 8577.01
3536 8577.17
3537 8579.43
3538 8581.57
3539 8582.49
3540 8583.84
3541 8584.72
3542 8585.52
3543 8585.77
3544 8586.4
3545 8586.56
3546 8587.36
3547 8587.96
3548 8588.25
3549 8589.31
3550 8591.57
3551 8592.43
3552 8593.04
3553 8593.35
3554 8595.1
3555 8596
3556 8596.34
3557 8596.57
3558 8597.11
3559 8597.16
3560 8597.33
3561 8597.62
3562 8598.03
3563 8598.31
3564 8599.65
3565 8599.9
3566 8600.86
3567 8601.52
3568 8601.86
3569 8601.98
3570 8602.55
3571 8604.95
3572 8605.32
3573 8605.38
3574 8605.95
3575 8606.37
3576 8608.46
3577 8608.91
3578 8609.23
3579 8609.86
3580 8610.39
3581 8611.18
3582 8611.51
3583 8611.79
3584 8612.11
3585 8612.54
3586 8614.77
3587 8616.18
3588 8617.35
3589 8619.08
3590 8619.9
3591 8621.04
3592 8621.56
3593 8623.43
3594 8623.48
3595 8624.01
3596 8625.3
3597 8625.92
3598 8627.78
3599 8627.8
3600 8631.5
3601 8632.93
3602 8633.69
3603 8633.72
3604 8634.11
3605 8635.84
3606 8636.1
3607 8637.6
3608 8638.33
3609 8638.55
3610 8638.75
3611 8639.58
3612 8640.03
3613 8640.91
3614 8642.48
3615 8642.9
3616 8643.32
3617 8643.55
3618 8644.18
3619 8646.01
3620 8646.31
3621 8651.28
3622 8651.49
3623 8652.08
3624 8652.59
3625 8653.6
3626 8654.43
3627 8654.64
3628 8655.51
3629 8657.13
3630 8657.55
3631 8658.64
3632 8659.55
3633 8660.7
3634 8663.14
3635 8664.31
3636 8665.24
3637 8665.34
3638 8665.73
3639 8665.85
3640 8665.99
3641 8666.01
3642 8666.58
3643 8667.71
3644 8667.93
3645 8670.61
3646 8671.01
3647 8672.85
3648 8673.67
3649 8673.81
3650 8676.68
3651 8676.95
3652 8679.9
3653 8680.71
3654 8680.86
3655 8682.76
3656 8683.3
3657 8683.51
3658 8683.88
3659 8684.73
3660 8684.85
3661 8684.92
3662 8684.93
3663 8685.47
3664 8687.63
3665 8689.3
3666 8689.46
3667 8690.09
3668 8690.45
3669 8690.66
3670 8693.57
3671 8694.41
3672 8698.53
3673 8699.14
3674 8700.1
3675 8700.39
3676 8701.32
3677 8701.38
3678 8702.23
3679 8702.33
3680 8703.79
3681 8704.39
3682 8704.97
3683 8705.13
3684 8706.14
3685 8706.17
3686 8707.83
3687 8711.39
3688 8712.95
3689 8712.96
3690 8713.19
3691 8713.79
3692 8713.79
3693 8713.96
3694 8714.48
3695 8715.48
3696 8716.07
3697 8716.25
3698 8717.14
3699 8718.12
3700 8718.31
3701 8718.83
3702 8721.93
3703 8722.38
3704 8724.47
3705 8727.09
3706 8727.21
3707 8727.55
3708 8727.56
3709 8727.82
3710 8729.79
3711 8731.07
3712 8731.94
3713 8732.59
3714 8732.84
3715 8734.54
3716 8736.59
3717 8737.04
3718 8737.27
3719 8738.24
3720 8738.37
3721 8738.46
3722 8739.82
3723 8740.43
3724 8743.38
3725 8744.83
3726 8745.35
3727 8745.36
3728 8747.51
3729 8747.75
3730 8747.79
3731 8747.9
3732 8748.83
3733 8749.55
3734 8750.02
3735 8751.1
3736 8753.84
3737 8755.88
3738 8756.55
3739 8756.61
3740 8756.71
3741 8760.58
3742 8763.27
3743 8764.42
3744 8764.82
3745 8765.32
3746 8766.09
3747 8767.2
3748 8767.86
3749 8768.02
3750 8768.39
3751 8768.72
3752 8770.8
3753 8771.21
3754 8771.77
3755 8773.42
3756 8773.55
3757 8774.12
3758 8774.64
3759 8774.72
3760 8777.35
3761 8778.39
3762 8779.57
3763 8780.2
3764 8782.2
3765 8782.72
3766 8784.4
3767 8784.44
3768 8785.68
3769 8786.47
3770 8788.4
3771 8791.12
3772 8791.44
3773 8792.39
3774 8794.24
3775 8795.09
3776 8802.73
3777 8807.57
3778 8808.09
3779 8808.61
3780 8809.71
3781 8810
3782 8810.71
3783 8811.95
3784 8812.7
3785 8812.91
3786 8813.28
3787 8817.49
3788 8817.88
3789 8817.9
3790 8817.94
3791 8820.35
3792 8823.68
3793 8824.36
3794 8824.44
3795 8827.79
3796 8828.36
3797 8829.21
3798 8829.4
3799 8830.05
3800 8831.45
3801 8832.15
3802 8834.73
3803 8835.58
3804 8836.56
3805 8837.03
3806 8837.07
3807 8837.82
3808 8839.22
3809 8841.46
3810 8842.63
3811 8843.84
3812 8844.22
3813 8844.97
3814 8845.47
3815 8846.31
3816 8846.39
3817 8849.28
3818 8849.87
3819 8850.18
3820 8851.98
3821 8851.99
3822 8857.02
3823 8857.37
3824 8857.42
3825 8857.75
3826 8859.07
3827 8860.49
3828 8861.1
3829 8862.31
3830 8862.42
3831 8865.35
3832 8865.75
3833 8866.35
3834 8866.36
3835 8866.62
3836 8866.8
3837 8867.32
3838 8870.43
3839 8870.76
3840 8872.11
3841 8873.15
3842 8875.16
3843 8876.44
3844 8878.63
3845 8880.27
3846 8880.65
3847 8883.21
3848 8883.21
3849 8883.45
3850 8884.09
3851 8884.39
3852 8887.79
3853 8888.07
3854 8888.25
3855 8888.45
3856 8888.54
3857 8889.69
3858 8891.02
3859 8891.09
3860 8891.74
3861 8891.88
3862 8892.31
3863 8892.68
3864 8892.83
3865 8892.88
3866 8893.22
3867 8894.54
3868 8898.87
3869 8899.9
3870 8899.91
3871 8901.72
3872 8902.3
3873 8903.68
3874 8905.41
3875 8905.45
3876 8907.91
3877 8908.05
3878 8909.58
3879 8910.99
3880 8911.71
3881 8912.39
3882 8912.62
3883 8913.85
3884 8914.13
3885 8916.71
3886 8918.7
3887 8918.95
3888 8919.92
3889 8921.12
3890 8922.03
3891 8922.98
3892 8923.82
3893 8924.78
3894 8925.09
3895 8926.34
3896 8926.38
3897 8927.03
3898 8927.42
3899 8930.57
3900 8930.9
3901 8931.03
3902 8931.31
3903 8931.36
3904 8935.23
3905 8935.64
3906 8937.58
3907 8937.58
3908 8938.96
3909 8939.19
3910 8939.49
3911 8939.52
3912 8940.4
3913 8940.83
3914 8941.73
3915 8942.93
3916 8943.2
3917 8944.16
3918 8944.84
3919 8945.45
3920 8946.08
3921 8947.06
3922 8947.35
3923 8947.79
3924 8947.83
3925 8948.1
3926 8948.14
3927 8949.85
3928 8950.57
3929 8950.75
3930 8950.91
3931 8951.19
3932 8954.38
3933 8955.18
3934 8955.44
3935 8956.92
3936 8957.65
3937 8957.76
3938 8958.21
3939 8960.76
3940 8962.22
3941 8962.6
3942 8963.24
3943 8963.63
3944 8965
3945 8966.44
3946 8966.66
3947 8966.92
3948 8969.43
3949 8969.63
3950 8970.92
3951 8972.5
3952 8972.51
3953 8974.71
3954 8974.76
3955 8975
3956 8975.19
3957 8975.58
3958 8976.11
3959 8977.23
3960 8979.96
3961 8980.67
3962 8981.81
3963 8982.16
3964 8982.88
3965 8983.03
3966 8984.41
3967 8985.63
3968 8987.55
3969 8988
3970 8988.84
3971 8989.18
3972 8989.53
3973 8989.82
3974 8990.26
3975 8990.33
3976 8991.36
3977 8991.39
3978 8991.67
3979 8993.68
3980 8995.26
3981 8996.2
3982 8997.19
3983 8999.52
3984 9000.94
3985 9001.15
3986 9001.71
3987 9003.12
3988 9004.48
3989 9004.86
3990 9005.96
3991 9006.61
3992 9006.82
3993 9007.53
3994 9007.68
3995 9007.87
3996 9008.03
3997 9008.21
3998 9008.22
3999 9008.49
4000 9008.79
4001 9011.59
4002 9013.07
4003 9013.14
4004 9015.57
4005 9017.08
4006 9017.38
4007 9018.08
4008 9018.12
4009 9018.42
4010 9018.61
4011 9020.4
4012 9022.17
4013 9023.24
4014 9023.28
4015 9024.71
4016 9024.79
4017 9025.3
4018 9027.33
4019 9030.93
4020 9031.63
4021 9032.16
4022 9033.68
4023 9033.92
4024 9034.14
4025 9034.27
4026 9034.79
4027 9034.87
4028 9035.48
4029 9036.12
4030 9036.66
4031 9037.25
4032 9040.77
4033 9040.81
4034 9041.11
4035 9041.76
4036 9042.21
4037 9045.98
4038 9046.28
4039 9048.34
4040 9049.25
4041 9049.98
4042 9053.69
4043 9054.2
4044 9055.29
4045 9055.59
4046 9056.56
4047 9057.1
4048 9057.82
4049 9062.35
4050 9063.39
4051 9066.04
4052 9067.27
4053 9067.88
4054 9068.15
4055 9068.76
4056 9068.85
4057 9068.89
4058 9068.98
4059 9069.39
4060 9072.57
4061 9074.34
4062 9075.91
4063 9076.64
4064 9078.87
4065 9079.6
4066 9080.09
4067 9080.71
4068 9083.32
4069 9084.9
4070 9085.74
4071 9085.96
4072 9086.02
4073 9087.21
4074 9090.13
4075 9090.43
4076 9091.53
4077 9092.12
4078 9095
4079 9095.14
4080 9097.71
4081 9098.49
4082 9099.46
4083 9102.33
4084 9102.6
4085 9104.4
4086 9105.28
4087 9106.28
4088 9107.19
4089 9109
4090 9109.05
4091 9110.17
4092 9110.36
4093 9110.56
4094 9111.46
4095 9115.47
4096 9115.47
4097 9116.24
4098 9117.7
4099 9117.71
4100 9119.77
4101 9119.96
4102 9120.48
4103 9121.71
4104 9122.33
4105 9122.39
4106 9122.5
4107 9123.46
4108 9128.9
4109 9131.44
4110 9131.72
4111 9131.83
4112 9133.39
4113 9133.4
4114 9134.46
4115 9134.65
4116 9136.95
4117 9138.29
4118 9139.04
4119 9140.72
4120 9141.31
4121 9141.44
4122 9143.97
4123 9144.65
4124 9145.35
4125 9148.51
4126 9148.78
4127 9150.26
4128 9150.39
4129 9151.44
4130 9152.11
4131 9152.18
4132 9152.88
4133 9155.08
4134 9157.18
4135 9158.7
4136 9159.07
4137 9160.66
4138 9161.58
4139 9162.28
4140 9162.74
4141 9163.12
4142 9164.88
4143 9165.09
4144 9165.17
4145 9165.31
4146 9166.85
4147 9172.91
4148 9174.06
4149 9175.26
4150 9176.22
4151 9178.23
4152 9178.3
4153 9180.23
4154 9181.85
4155 9182.6
4156 9186.18
4157 9187.15
4158 9187.29
4159 9188.31
4160 9189.49
4161 9189.83
4162 9189.84
4163 9191.37
4164 9191.87
4165 9192.38
4166 9194.52
4167 9195.17
4168 9196.39
4169 9197.41
4170 9200.42
4171 9202.93
4172 9204.65
4173 9206.57
4174 9206.81
4175 9212.78
4176 9214.07
4177 9215.58
4178 9217.43
4179 9217.46
4180 9218.37
4181 9218.5
4182 9219.17
4183 9219.82
4184 9222.24
4185 9222.37
4186 9222.58
4187 9223.18
4188 9225.11
4189 9228.35
4190 9228.5
4191 9229.8
4192 9230.61
4193 9231.31
4194 9231.8
4195 9234.2
4196 9235.26
4197 9236.1
4198 9237.03
4199 9238.03
4200 9240.45
4201 9240.6
4202 9240.71
4203 9242.16
4204 9243.78
4205 9246.2
4206 9250.16
4207 9250.19
4208 9250.77
4209 9251.69
4210 9252.6
4211 9253.38
4212 9255.94
4213 9255.96
4214 9257.47
4215 9259.07
4216 9259.48
4217 9262.89
4218 9263.53
4219 9265.81
4220 9266.51
4221 9268.43
4222 9270.9
4223 9272.28
4224 9272.7
4225 9272.88
4226 9273.09
4227 9273.79
4228 9274.11
4229 9279.93
4230 9283.99
4231 9284.31
4232 9284.62
4233 9286.28
4234 9286.96
4235 9287.25
4236 9287.77
4237 9288.05
4238 9290.12
4239 9290.95
4240 9292.33
4241 9292.8
4242 9295.2
4243 9298.5
4244 9299.55
4245 9300.22
4246 9301.93
4247 9302.49
4248 9306.57
4249 9306.83
4250 9306.92
4251 9307.03
4252 9307.26
4253 9308.6
4254 9315.43
4255 9315.85
4256 9316.81
4257 9317.24
4258 9318.12
4259 9319.71
4260 9320.94
4261 9322.5
4262 9322.95
4263 9323.02
4264 9330.19
4265 9331.46
4266 9340.13
4267 9341.77
4268 9341.97
4269 9342.42
4270 9345.74
4271 9348.63
4272 9349.64
4273 9354.41
4274 9354.53
4275 9357.61
4276 9358.14
4277 9358.23
4278 9360.63
4279 9361.91
4280 9362.25
4281 9367.91
4282 9368.43
4283 9369.51
4284 9369.84
4285 9372.22
4286 9372.37
4287 9374.61
4288 9375.23
4289 9378.83
4290 9379.24
4291 9380.07
4292 9380.1
4293 9384.73
4294 9385.65
4295 9386.99
4296 9387.07
4297 9389.49
4298 9390.62
4299 9391.14
4300 9391.88
4301 9393.07
4302 9393.7
4303 9393.96
4304 9397.31
4305 9399.72
4306 9400.97
4307 9407.94
4308 9408.24
4309 9410.18
4310 9411.95
4311 9413.65
4312 9417.32
4313 9420.18
4314 9421.5
4315 9424.05
4316 9426.9
4317 9428.89
4318 9428.97
4319 9429.6
4320 9432.49
4321 9434.77
4322 9435.94
4323 9436.27
4324 9439.29
4325 9440.97
4326 9441.92
4327 9442.62
4328 9447.02
4329 9447.95
4330 9448.73
4331 9450.35
4332 9455.56
4333 9456.18
4334 9462.22
4335 9462.57
4336 9470.94
4337 9471.3
4338 9473.31
4339 9476.34
4340 9476.52
4341 9477.67
4342 9478.37
4343 9482.64
4344 9484.73
4345 9484.96
4346 9485.35
4347 9485.59
4348 9488.5
4349 9489.98
4350 9495.84
4351 9496.31
4352 9496.47
4353 9499.36
4354 9502.39
4355 9503.72
4356 9507.66
4357 9509.73
4358 9510.05
4359 9510.92
4360 9512.05
4361 9512.91
4362 9513.06
4363 9513.92
4364 9517.97
4365 9518.45
4366 9520.2
4367 9520.3
4368 9521.59
4369 9521.87
4370 9523.18
4371 9526.23
4372 9527.54
4373 9529.51
4374 9530.98
4375 9533.87
4376 9533.98
4377 9536.53
4378 9538.01
4379 9539.44
4380 9540.06
4381 9543.25
4382 9543.82
4383 9552.85
4384 9554.56
4385 9556.52
4386 9562.16
4387 9562.98
4388 9565.12
4389 9566.42
4390 9568.04
4391 9568.26
4392 9569.17
4393 9570.93
4394 9571.97
4395 9578.56
4396 9579.35
4397 9579.48
4398 9581.96
4399 9585.9
4400 9586.44
4401 9587.27
4402 9588.03
4403 9590.18
4404 9592.47
4405 9595.09
4406 9596
4407 9598.23
4408 9599.17
4409 9600.32
4410 9601.36
4411 9605.77
4412 9606.1
4413 9610.83
4414 9611.72
4415 9613
4416 9614.26
4417 9617.26
4418 9617.7
4419 9619.12
4420 9621.57
4421 9621.73
4422 9622.1
4423 9623.25
4424 9625.69
4425 9627.39
4426 9627.89
4427 9628.98
4428 9629.37
4429 9631.51
4430 9632.69
4431 9636.38
4432 9637.07
4433 9638.8
4434 9639.83
4435 9639.94
4436 9641.9
4437 9642.22
4438 9642.26
4439 9645.17
4440 9645.77
4441 9648.21
4442 9653.43
4443 9656.87
4444 9658.61
4445 9662.6
4446 9663.72
4447 9665.59
4448 9666.52
4449 9667.83
4450