 -0.364382
4565 -1.65982
4566 1.65448
4567 0.0312098
4568 0.761182
4569 2.64446
4570 1.1131
0 -0.974945
1 -3.63029
2 -3.227
3 -3.55228
4 0.0284143
5 0.861464
6 -0.534742
7 2.37239
8 -0.218902
9 1.62222
10 4.30568
11 1.36936
12 0.133468
13 -0.317877
14 -2.4976
15 3.00866
16 1.85081
17 2.14719
18 -2.48464
19 1.33205
20 -0.325888
21 1.56966
22 -4.04645
23 -2.13986
24 0.877238
25 0.677028
26 0.65111
27 -1.1599
28 -2.39726
29 -0.238384
30 -0.676811
31 1.26982
32 1.55082
33 2.62702
34 -0.0345044
35 0.144269
36 -1.48332
37 0.0272135
38 -0.412545
39 1.00138
40 -1.5057
41 1.63821
42 -1.30365
43 -0.742137
44 -0.272066
45 3.80396
46 -1.05335
47 2.73963
48 -0.35939
49 0.321115
50 -2.6293
51 -2.26959
52 0.536263
53 0.0428078
54 0.388266
55 5.25931
56 -1.75218
57 1.13015
58 -2.7404
59 -2.12882
60 1.38526
61 2.45128
62 -1.48689
63 1.07957
64 0.336576
65 0.832654
66 -0.747089
67 -0.754117
68 -3.81074
69 0.545815
70 0.238934
71 -0.97216
72 -0.609761
73 0.284828
74 -0.844577
75 -1.43437
76 1.18321
77 1.99991
78 1.16522
79 -2.13219
80 -0.0957792
81 -0.400274
82 -0.270828
83 -0.0872319
84 -0.325667
85 1.47389
86 0.144173
87 0.528514
88 0.864414
89 2.34317
90 -1.76282
91 0.424047
92 -0.392908
93 0.813733
94 3.43541
95 0.640981
96 -1.40071
97 -0.892536
98 -2.71081
99 -0.63607
100 -1.15977
101 -0.481411
102 -0.683146
103 -2.72123
104 1.22954
105 -2.16448
106 0.0291053
107 0.334711
108 1.4553
109 -1.37023
110 0.269786
111 1.25147
112 -0.0491677
113 1.24222
114 -0.481843
115 -1.09455
116 1.0783
117 -1.88684
118 -0.82013
119 -0.400607
120 -0.382393
121 -0.508542
122 1.52372
123 -0.836288
124 -3.04125
125 1.24988
126 1.68001
127 -3.60108
128 1.35425
129 0.740061
130 -2.80002
131 -0.7369
132 -1.033
133 5.75505
134 2.62028
135 -0.479979
136 -2.46156
137 -4.67339
138 -0.375836
139 -0.297785
140 -0.882792
141 3.26555
142 2.13998
143 -1.15908
144 0.603617
145 -2.26223
146 0.199524
147 0.504316
148 0.474209
149 1.62612
150 -1.04753
151 0.284279
152 1.77122
153 -1.24809
154 0.425503
155 -2.8637
156 -0.478754
157 -1.94501
158 -0.274457
159 -0.0778678
160 -1.86736
161 2.4206
162 -0.752734
163 -2.30231
164 -1.44314
165 -2.65355
166 -0.478998
167 -2.64277
168 -1.12762
169 1.94367
170 -2.6113
171 -0.700704
172 -1.76824
173 0.362709
174 0.391802
175 1.64269
176 1.53952
177 -2.50758
178 0.382197
179 -0.823229
180 0.742406
181 -0.14467
182 -1.40279
183 -0.952166
184 0.137788
185 -0.803189
186 1.29738
187 -2.60163
188 -1.06993
189 -1.27576
190 -4.87028
191 -0.477038
192 -0.146858
193 2.20517
194 -0.238109
195 -1.77544
196 0.96549
197 -0.114915
198 -1.49598
199 -1.49233
200 -0.821046
201 0.956519
202 -0.862298
203 0.564875
204 3.58588
205 0.404774
206 -2.09151
207 -0.273745
208 0.176603
209 -2.35367
210 3.62636
211 1.33117
212 2.28795
213 1.04079
214 -0.405439
215 1.85545
216 -0.658888
217 1.08849
218 0.633976
219 -0.369741
220 1.44153
221 0.0453199
222 0.964661
223 1.20018
224 -0.410636
225 0.688938
226 2.02549
227 1.27971
228 2.8192
229 0.769865
230 -4.2159
231 -2.88677
232 -0.696619
233 -0.0420697
234 0.774734
235 0.0927887
236 2.22184
237 1.03503
238 -1.01565
239 -1.77388
240 -0.287256
241 -0.887764
242 -0.790691
243 2.00116
244 1.13603
245 0.669003
246 -0.10865
247 -2.55495
248 -0.148491
249 -1.06944
250 0.695106
251 -1.43112
252 0.742553
253 0.192795
254 0.580021
255 -1.009
256 -1.41654
257 -0.592743
258 1.26174
259 -1.04761
260 1.45897
261 -0.760018
262 -0.794118
263 1.55557
264 2.87102
265 0.703966
266 -3.02008
267 -0.424206
268 -0.231335
269 -3.00391
270 0.594291
271 -0.343513
272 -0.0629685
273 -1.42002
274 -1.38482
275 2.8172
276 0.920237
277 4.72961
278 -0.794294
279 -0.315045
280 1.94885
281 0.371726
282 0.322388
283 -0.63638
284 -1.97505
285 1.04723
286 0.510279
287 1.48976
288 -1.82991
289 0.200244
290 -1.05111
291 0.618452
292 -1.23185
293 1.01455
294 -1.57346
295 0.641319
296 0.54787
297 0.17495
298 -0.331205
299 -0.19303
300 0.999416
301 3.46717
302 -1.02208
303 0.187103
304 -1.59582
305 -0.302196
306 -1.12209
307 -2.34292
308 2.47531
309 0.203568
310 -0.128939
311 -1.23687
312 -0.088562
313 -1.44857
314 1.05954
315 -0.203004
316 -0.422067
317 0.533279
318 4.20826
319 -0.647002
320 -2.63602
321 -0.743953
322 2.68773
323 -0.931551
324 1.4134
325 -0.547738
326 1.58245
327 -0.94148
328 -0.206281
329 0.5963
330 5.2856
331 0.780479
332 0.770728
333 1.56691
334 -0.105759
335 0.704253
336 0.437497
337 -0.570333
338 -1.8162
339 -0.767638
340 -1.23387
341 1.63104
342 0.786673
343 0.278832
344 0.269136
345 0.518058
346 -3.08917
347 -0.172255
348 3.07479
349 -1.20275
350 0.163569
351 -0.678383
352 0.518045
353 -1.29258
354 -0.11889
355 -0.053354
356 1.09087
357 -1.2934
358 0.608288
359 -0.180875
360 6.13798
361 -1.10776
362 -0.576304
363 -0.343722
364 0.643384
365 0.0130349
366 -0.622987
367 -0.997522
368 2.74937
369 -1.19596
370 -2.98105
371 -1.14651
372 0.196633
373 -0.783485
374 2.3443
375 4.71681
376 0.622936
377 -1.3917
378 2.24726
379 0.967873
380 0.912151
381 -0.410047
382 -0.36278
383 -0.558717
384 -0.0507695
385 0.0541166
386 2.1393
387 0.455067
388 -2.8553
389 2.41245
390 -0.361836
391 -2.99356
392 -0.640507
393 1.02094
394 -0.0729062
395 -0.961961
396 0.655092
397 0.389781
398 3.46047
399 -0.197671
400 -1.17927
401 0.654256
402 -1.39354
403 0.0703025
404 0.593871
405 0.0075643
406 2.07281
407 0.0206732
408 -1.00795
409 0.347245
410 -0.770683
411 1.05811
412 1.08195
413 -1.06613
414 -0.971766
415 0.564352
416 -0.136092
417 -1.20565
418 -0.621211
419 1.49116
420 -1.8561
421 0.659198
422 -0.696125
423 1.78585
424 0.201873
425 4.61664
426 0.0419515
427 -1.32305
428 -0.92466
429 -1.55829
430 -0.542546
431 -0.380721
432 1.54417
433 0.614467
434 -2.38419
435 -0.668633
436 -1.94911
437 -0.736957
438 -3.0282
439 0.61669
440 -1.2807
441 -0.105259
442 -1.94504
443 -1.17601
444 -0.539296
445 1.96025
446 -0.00380517
447 -0.449262
448 0.027646
449 0.757915
450 1.4073
451 2.33471
452 -0.422883
453 -0.318612
454 0.664927
455 -1.50668
456 1.32721
457 -0.437711
458 2.53801
459 0.487982
460 -0.183572
461 -1.07199
462 -0.540573
463 -0.657753
464 0.712343
465 0.849992
466 -0.414843
467 -2.31308
468 -0.533829
469 2.981
470 0.676574
471 0.209798
472 -1.18977
473 -0.43002
474 -1.643
475 0.972842
476 -1.20798
477 -1.41528
478 0.136127
479 0.854082
480 -0.862228
481 -3.43334
482 -1.26287
483 0.394669
484 0.176159
485 -1.40387
486 6.96365
487 -1.92023
488 -1.33645
489 -1.16249
490 -1.79041
491 -1.96227
492 2.02246
493 0.0317779
494 -1.01709
495 1.31051
496 -0.875764
497 2.14406
498 0.610496
499 1.77209
500 0.493123
501 -0.373884
502 0.200252
503 1.53185
504 -0.158317
505 2.85259
506 -0.128274
507 0.625805
508 -1.68028
509 -0.694359
510 -2.86632
511 -1.25576
512 0.294506
513 -0.719951
514 -1.13546
515 1.16101
516 0.76153
517 -2.92473
518 -3.12359
519 2.1832
520 -1.14703
521 4.22692
522 -0.0790057
523 1.57426
524 -0.468964
525 -2.23339
526 1.77328
527 -3.14117
528 -0.596444
529 0.225164
530 -0.0934807
531 0.633823
532 -0.927843
533 -0.728529
534 0.723769
535 2.38333
536 0.113487
537 -0.300126
538 0.0840125
539 -2.6048
540 0.405928
541 -0.420821
542 0.699151
543 2.11925
544 0.091231
545 -1.2542
546 0.0287161
547 -2.67198
548 0.678202
549 -1.01208
550 0.358658
551 1.14357
552 0.404748
553 -1.30131
554 -1.58309
555 0.0113573
556 -0.0784254
557 -0.211922
558 -0.55795
559 2.76576
560 -1.6701
561 -3.02946
562 -0.376556
563 2.10848
564 0.80845
565 -1.91682
566 -0.403674
567 -2.27786
568 0.449896
569 0.835581
570 -0.562582
571 -0.453277
572 1.81642
573 -2.34829
574 -4.63922
575 0.245175
576 -2.40717
577 1.89874
578 -1.17423
579 -1.20181
580 3.26772
581 -2.20899
582 -0.766196
583 1.85948
584 -0.531212
585 1.26747
586 -0.99534
587 1.64161
588 -0.5321
589 -1.46255
590 -0.131753
591 -0.490295
592 0.180309
593 -1.30718
594 -0.0737158
595 0.345642
596 -1.94225
597 3.35965
598 0.0279207
599 3.25785
600 -0.295009
601 0.51492
602 1.64206
603 1.11792
604 -0.900822
605 -0.884088
606 0.0747168
607 -1.02414
608 0.219359
609 1.63009
610 0.669008
611 1.06769
612 0.461816
613 -1.42251
614 -0.540414
615 -0.632361
616 -0.260735
617 0.0901663
618 0.4733
619 1.18169
620 0.501285
621 1.25665
622 -2.40009
623 0.3697
624 -1.36796
625 1.46715
626 3.11376
627 -2.37409
628 2.22818
629 0.357559
630 -3.84202
631 0.385643
632 0.960966
633 2.44049
634 -1.61544
635 3.86744
636 0.108402
637 -2.29238
638 1.74333
639 1.46768
640 0.503083
641 -3.10887
642 -1.05894
643 -0.723604
644 -1.39762
645 -0.490342
646 0.566947
647 2.31177
648 -0.996726
649 -1.64457
650 2.09868
651 -1.36129
652 -0.444844
653 -1.79817
654 -0.834057
655 1.54308
656 -0.0533741
657 0.826313
658 -0.576763
659 -2.65633
660 3.64993
661 -2.26097
662 -0.0566269
663 0.100121
664 -1.73148
665 0.407527
666 -0.662006
667 -1.91697
668 -1.47064
669 2.33899
670 0.00381613
671 -1.09331
672 0.531797
673 -2.36543
674 -1.32947
675 -3.44742
676 -0.99772
677 -1.39412
678 -0.20423
679 -0.426894
680 -1.19525
681 -1.31223
682 3.20873
683 -2.78967
684 1.54173
685 -0.21132
686 0.204458
687 -1.57738
688 -0.927253
689 3.85434
690 1.78288
691 -0.951918
692 -0.0942536
693 0.241925
694 0.24474
695 1.28023
696 -0.427978
697 -0.616738
698 -1.94243
699 1.03697
700 -1.72947
701 -2.83144
702 0.4136
703 1.90575
704 -1.05724
705 -1.01612
706 -3.1139
707 -2.87031
708 1.43638
709 -0.311478
710 0.0713426
711 0.354059
712 -0.403304
713 0.180744
714 -0.858796
715 -2.57695
716 -0.17405
717 0.278302
718 1.29117
719 0.443201
720 2.04547
721 -3.27915
722 -1.30155
723 1.87303
724 0.856863
725 1.82602
726 -1.08166
727 -0.244955
728 1.18806
729 -0.239536
730 0.38401
731 -0.301407
732 0.0419839
733 0.379851
734 -0.541733
735 -1.25633
736 -0.979182
737 4.4664
738 -7.08677
739 -0.24491
740 -0.959289
741 -0.701436
742 -0.55147
743 -2.44042
744 1.50953
745 -2.8415
746 -0.884405
747 -0.0279904
748 0.318617
749 1.80698
750 -0.0410665
751 -0.716239
752 1.60549
753 -0.225814
754 -1.9128
755 -1.21349
756 -0.380516
757 -0.451627
758 0.262573
759 -0.489311
760 0.162784
761 -0.036376
762 -0.920487
763 4.87508
764 2.50991
765 1.90979
766 2.43647
767 -1.66558
768 -3.97284
769 -1.3595
770 -1.95801
771 -0.74568
772 -0.995324
773 -3.08649
774 -2.91658
775 0.433356
776 -1.83654
777 0.154266
778 0.641664
779 0.595709
780 -0.570292
781 0.349566
782 -3.42815
783 0.958069
784 0.0166969
785 -2.15823
786 -1.84212
787 -0.785551
788 -1.63539
789 -0.490946
790 2.8771
791 1.66049
792 0.980775
793 -0.543451
794 3.45355
795 -1.05404
796 -3.82376
797 0.22519
798 2.10805
799 -1.66672
800 2.46721
801 -1.43795
802 -0.218905
803 -0.529781
804 -1.62829
805 0.394141
806 -0.533004
807 -0.764585
808 3.33458
809 -1.30244
810 2.81345
811 0.321705
812 -1.29662
813 1.0201
814 -0.00173929
815 1.57514
816 1.4907
817 2.45914
818 1.86833
819 1.47873
820 1.02637
821 -1.23579
822 1.5895
823 -2.70697
824 1.05905
825 -2.46419
826 -1.91218
827 1.21282
828 2.3295
829 -0.153001
830 1.52606
831 1.51732
832 0.147781
833 -0.526187
834 -0.175602
835 0.542262
836 0.506558
837 0.198361
838 -2.43156
839 0.0622922
840 -2.58047
841 -5.16054
842 -0.786345
843 0.14648
844 -0.560753
845 0.0881212
846 1.1411
847 -0.75159
848 -2.15149
849 -1.19729
850 1.56663
851 -1.68333
852 -1.53724
853 1.25562
854 0.135466
855 0.448021
856 -0.0204503
857 1.17625
858 -1.50873
859 -0.569351
860 -1.30007
861 0.44388
862 -1.01069
863 0.498498
864 0.720735
865 -2.57963
866 0.710657
867 -0.489434
868 -1.7836
869 0.233104
870 0.298035
871 -0.050821
872 0.408737
873 0.599188
874 -0.218878
875 -0.0328206
876 -0.0505912
877 -0.70112
878 1.88754
879 -1.44796
880 1.27076
881 0.55488
882 -0.232142
883 -1.1198
884 2.27138
885 4.10173
886 -0.0833988
887 0.35583
888 -0.0175818
889 -2.56992
890 -1.3954
891 -0.88745
892 0.609808
893 -0.169609
894 -0.412854
895 -1.0144
896 -1.11055
897 -0.77347
898 -3.11524
899 0.545224
900 1.86136
901 -0.139619
902 -0.580971
903 0.474195
904 -0.574982
905 1.28384
906 1.21879
907 0.611596
908 0.133038
909 -0.460552
910 -1.41313
911 -1.49199
912 0.0517337
913 -0.409036
914 -0.65866
915 0.671489
916 -1.76518
917 -2.73712
918 0.726847
919 -0.384225
920 -1.57602
921 0.366098
922 -0.653366
923 2.52568
924 0.91697
925 0.342021
926 -0.219327
927 -2.07805
928 0.66455
929 1.16047
930 -0.110617
931 -0.18705
932 0.542774
933 1.28144
934 -0.215088
935 -0.313092
936 -0.34604
937 -2.69681
938 -0.522727
939 1.04801
940 0.679453
941 -0.375015
942 0.764883
943 -0.483213
944 -0.957397
945 -0.388279
946 -0.27754
947 -0.299962
948 -0.0957852
949 0.69457
950 -0.297594
951 -0.27768
952 -0.776639
953 -5.43814
954 -1.17872
955 -0.283483
956 -0.275649
957 0.74766
958 -0.137405
959 -1.51594
960 -0.833056
961 1.00555
962 -0.923575
963 -0.37659
964 -0.761507
965 2.99463
966 -0.197202
967 -0.0578115
968 -0.656113
969 -2.31559
970 -1.43838
971 1.75945
972 0.30444
973 -0.273736
974 -0.345744
975 0.369195
976 0.823489
977 -0.818974
978 -3.79455
979 0.109702
980 0.896565
981 1.75915
982 0.652059
983 -0.671486
984 0.0466853
985 0.0129485
986 -0.0677045
987 -0.764388
988 -0.0794223
989 -0.427255
990 -0.54739
991 5.34703
992 2.72446
993 -0.38228
994 -1.32295
995 0.587457
996 -0.547254
997 3.8029
998 -1.00237
999 -0.618245
1000 -1.13937
1001 -0.0232717
1002 0.523243
1003 0.181567
1004 -2.85783
1005 0.898266
1006 -0.972555
1007 -0.558297
1008 0.991475
1009 0.310599
1010 -0.173697
1011 1.10995
1012 -0.869133
1013 -0.277718
1014 1.34597
1015 0.404808
1016 -0.76272
1017 -0.961594
1018 0.815404
1019 -0.494662
1020 -0.629237
1021 -0.912421
1022 -1.38571
1023 0.34387
1024 0.0257276
1025 -0.522822
1026 2.1534
1027 1.27599
1028 -0.111025
1029 0.725542
1030 -0.131432
1031 0.0909225
1032 0.0756731
1033 0.327586
1034 0.278096
1035 0.260431
1036 -0.176771
1037 -0.915977
1038 3.81467
1039 0.933075
1040 -0.610966
1041 0.427124
1042 0.225351
1043 -0.729739
1044 0.294686
1045 -0.541308
1046 -1.10859
1047 0.658535
1048 1.29881
1049 0.179301
1050 -2.71545
1051 -0.628212
1052 -0.0842274
1053 -0.197543
1054 -1.33075
1055 -0.511567
1056 0.280667
1057 2.28864
1058 -0.914565
1059 1.41075
1060 0.262929
1061 0.272237
1062 0.00504963
1063 -1.35876
1064 0.616807
1065 -0.0395436
1066 0.0779806
1067 0.246651
1068 -0.122183
1069 0.255987
1070 0.0100948
1071 -0.173787
1072 1.29366
1073 0.00185515
1074 0.80125
1075 -0.39459
1076 0.489951
1077 0.419529
1078 -1.82576
1079 -0.321363
1080 -0.988406
1081 -0.541333
1082 -1.25893
1083 0.299651
1084 0.697976
1085 0.210726
1086 -0.197134
1087 -0.167338
1088 -1.2348
1089 -0.515022
1090 2.20799
1091 -0.107662
1092 0.149887
1093 0.605524
1094 -1.32327
1095 -0.300315
1096 0.138714
1097 1.00867
1098 0.114188
1099 2.17472
1100 -0.357936
1101 -0.515276
1102 -0.998838
1103 -0.751007
1104 -0.458201
1105 1.10476
1106 0.463854
1107 0.164917
1108 -2.10197
1109 -0.696028
1110 -1.54624
1111 0.842113
1112 -0.569166
1113 -0.110209
1114 -0.685421
1115 -1.74766
1116 1.22893
1117 -0.533067
1118 -0.0882925
1119 -0.303589
1120 -0.906134
1121 0.0982934
1122 -0.185018
1123 0.0182108
1124 0.421353
1125 0.478536
1126 0.321023
1127 1.50594
1128 -0.207998
1129 -0.0854582
1130 0.141411
1131 -0.106756
1132 0.821414
1133 0.341798
1134 -0.476641
1135 -0.118993
1136 1.20944
1137 0.000162601
1138 -0.324215
1139 -0.174092
1140 0.210607
1141 1.30125
1142 0.211041
1143 -1.08676
1144 -2.39334
1145 -0.195838
1146 0.0392243
1147 -0.645601
1148 0.203595
1149 0.495009
1150 0.235296
1151 0.103596
1152 -0.695188
1153 -0.111299
1154 1.8499
1155 -2.29612
1156 0.361854
1157 -0.440269
1158 -1.16847
1159 1.78098
1160 1.9026
1161 0.300132
1162 1.63262
1163 -1.19343
1164 -0.687359
1165 -0.805069
1166 -0.915589
1167 0.177196
1168 -0.591542
1169 -1.78292
1170 -0.138859
1171 0.0938831
1172 -0.307395
1173 -0.141795
1174 1.69482
1175 0.508913
1176 2.49994
1177 -0.492228
1178 2.27538
1179 -0.0691391
1180 -0.341227
1181 0.0781592
1182 0.0738366
1183 -1.07449
1184 -1.79798
1185 0.408368
1186 1.08246
1187 -1.34715
1188 -0.707338
1189 1.51843
1190 -1.10883
1191 -0.232039
1192 -2.35306
1193 0.0365004
1194 0.0472229
1195 0.0972991
1196 1.86718
1197 -0.534821
1198 0.383194
1199 -0.938401
1200 -0.535191
1201 0.068187
1202 -0.713671
1203 -0.775832
1204 -1.49477
1205 -2.19467
1206 0.782884
1207 -0.51313
1208 -0.521223
1209 2.3883
1210 -2.45664
1211 0.412703
1212 -0.759321
1213 0.525782
1214 0.331445
1215 -0.406331
1216 0.403077
1217 1.30309
1218 0.60184
1219 0.951384
1220 -0.115637
1221 -0.150228
1222 -0.813543
1223 0.286502
1224 0.547381
1225 -0.503177
1226 0.833868
1227 0.820479
1228 0.164984
1229 1.06868
1230 0.0267449
1231 -1.26307
1232 2.38948
1233 -0.540944
1234 -0.149266
1235 0.314818
1236 -0.21419
1237 -0.446596
1238 2.36741
1239 1.48555
1240 -0.62595
1241 0.372619
1242 -0.785798
1243 0.745045
1244 -0.0348575
1245 -0.619152
1246 0.101585
1247 -0.751353
1248 -0.180959
1249 -0.292316
1250 0.707787
1251 0.527163
1252 0.564641
1253 -3.37411
1254 1.07407
1255 -0.693624
1256 0.644163
1257 0.00685926
1258 -1.22944
1259 0.464955
1260 -0.0824004
1261 0.744053
1262 -0.761384
1263 -0.0896685
1264 0.0775689
1265 -0.0713687
1266 -1.51834
1267 -0.026894
1268 0.0932945
1269 0.821881
1270 0.462738
1271 -0.371803
1272 -0.862759
1273 0.344196
1274 -0.0185572
1275 -0.142137
1276 -0.443699
1277 -0.545757
1278 0.00618526
1279 0.36142
1280 -0.0452404
1281 -0.377369
1282 3.35897
1283 0.146066
1284 -0.421559
1285 -1.63795
1286 -0.428526
1287 -2.46992
1288 -0.182956
1289 -0.12327
1290 -2.50348
1291 -0.425769
1292 -1.25248
1293 -0.507083
1294 0.658684
1295 0.155963
1296 -1.55705
1297 -0.020907
1298 -0.181056
1299 2.30773
1300 -1.23573
1301 -0.266932
1302 -3.1662
1303 2.75323
1304 2.42095
1305 -0.70189
1306 1.11122
1307 1.28734
1308 -0.221446
1309 0.0686802
1310 -0.246946
1311 0.0355362
1312 -0.257114
1313 -0.698767
1314 -0.490958
1315 1.77507
1316 -0.142433
1317 1.93834
1318 0.0259664
1319 -0.278632
1320 0.494256
1321 0.596064
1322 -0.345661
1323 -0.627295
1324 -0.755399
1325 -0.621346
1326 0.18983
1327 -1.53275
1328 0.203218
1329 -2.00243
1330 0.32051
1331 -0.463844
1332 -0.110297
1333 0.806672
1334 -0.832785
1335 0.403764
1336 -0.0886717
1337 -0.0629763
1338 0.00434077
1339 -0.435893
1340 -0.67443
1341 -2.14799
1342 -0.230397
1343 -1.18831
1344 -0.406116
1345 0.583543
1346 0.697801
1347 -2.17405
1348 -0.601931
1349 -0.591949
1350 1.15162
1351 -0.868337
1352 -0.480742
1353 0.415694
1354 -0.586264
1355 -0.32685
1356 0.587478
1357 -0.0733042
1358 -1.57213
1359 -0.839249
1360 -2.89726
1361 0.519314
1362 -0.466444
1363 0.124798
1364 -2.26418
1365 0.290048
1366 0.518192
1367 -0.144493
1368 -1.25739
1369 -0.0889973
1370 -0.527499
1371 -0.100753
1372 0.420066
1373 -0.492795
1374 0.0250463
1375 0.513776
1376 1.28941
1377 -0.260023
1378 -0.638533
1379 -0.410355
1380 -0.253081
1381 0.445227
1382 -0.169413
1383 1.19235
1384 -0.234166
1385 0.694759
1386 -0.863025
1387 -0.073239
1388 -0.833655
1389 1.28809
1390 -0.201557
1391 -0.440628
1392 -0.699274
1393 -1.52241
1394 -0.192112
1395 -0.571439
1396 1.57046
1397 0.20908
1398 0.98645
1399 0.409146
1400 -0.940756
1401 -0.57762
1402 -0.518502
1403 0.712737
1404 -3.5094
1405 -0.00757942
1406 -0.187112
1407 -0.158254
1408 1.3559
1409 -0.244068
1410 -0.0135531
1411 1.0747
1412 0.496748
1413 0.910155
1414 -0.60054
1415 -0.522448
1416 0.509404
1417 5.23607
1418 -0.140039
1419 -1.31179
1420 -0.811689
1421 1.04769
1422 0.336253
1423 0.677552
1424 -0.00644866
1425 -2.6401
1426 -1.02107
1427 0.0220015
1428 -0.749456
1429 -0.780211
1430 -0.136938
1431 0.689702
1432 0.437153
1433 -0.205026
1434 0.151723
1435 0.259248
1436 -0.91545
1437 -2.71145
1438 0.0847097
1439 -0.312658
1440 2.3965
1441 -0.501182
1442 -0.0612236
1443 -0.671004
1444 0.206072
1445 0.401528
1446 -0.734327
1447 -0.781099
1448 -0.114873
1449 -0.657974
1450 -1.86213
1451 -0.439292
1452 -1.03458
1453 0.775275
1454 -1.27633
1455 2.24265
1456 1.97329
1457 -1.00478
1458 -0.277674
1459 -1.86758
1460 -3.35174
1461 0.197228
1462 -0.145976
1463 -1.29465
1464 0.238479
1465 0.3644
1466 0.21853
1467 -0.873833
1468 0.791202
1469 0.213007
1470 -0.223822
1471 -2.63449
1472 -1.61395
1473 -0.00638053
1474 -0.683842
1475 0.705567
1476 -0.0778356
1477 -0.819849
1478 -2.11912
1479 -1.79733
1480 -1.46921
1481 -1.05417
1482 -0.357794
1483 -0.624086
1484 0.917562
1485 0.313381
1486 0.855244
1487 -1.07935
1488 -0.549405
1489 0.790618
1490 -1.5925
1491 0.519739
1492 0.308593
1493 0.320525
1494 -0.978344
1495 -1.12818
1496 4.25863
1497 0.80609
1498 0.999575
1499 0.462516
1500 0.965092
1501 -1.03091
1502 1.25169
1503 -0.42392
1504 -1.1059
1505 0.068914
1506 -0.249904
1507 -0.125963
1508 -0.518625
1509 0.278986
1510 0.314302
1511 -0.799309
1512 1.97598
1513 0.703211
1514 0.459001
1515 1.9728
1516 -0.753545
1517 -0.0935838
1518 0.465575
1519 -0.711667
1520 0.553227
1521 0.89363
1522 0.146832
1523 0.0567596
1524 -1.29359
1525 -0.0201869
1526 0.662229
1527 -0.0209466
1528 0.713775
1529 -0.912734
1530 0.0274111
1531 0.780582
1532 -1.84042
1533 0.922907
1534 -0.354774
1535 -3.12402
1536 -0.0371455
1537 0.960833
1538 -0.574598
1539 0.039288
1540 -0.499779
1541 0.291338
1542 0.917027
1543 0.486694
1544 -1.0402
1545 0.32301
1546 -1.56944
1547 -3.89111
1548 -0.117753
1549 0.485342
1550 -0.470628
1551 0.991194
1552 0.623814
1553 0.372219
1554 -0.323138
1555 0.0802653
1556 -0.629757
1557 1.26841
1558 0.162237
1559 -1.3566
1560 -0.430244
1561 1.00176
1562 -0.45055
1563 -2.66754
1564 -0.0211619
1565 2.7725
1566 1.6838
1567 -0.363495
1568 -0.625785
1569 0.791626
1570 -0.464145
1571 1.22161
1572 -0.927472
1573 0.394056
1574 -0.211393
1575 0.42839
1576 0.946577
1577 -1.14946
1578 0.355898
1579 2.06521
1580 0.0986875
1581 1.1313
1582 -1.81813
1583 0.972456
1584 -0.916221
1585 -0.83832
1586 1.00357
1587 1.78453
1588 0.0365608
1589 -0.863008
1590 1.8484
1591 -0.459946
1592 -1.32634
1593 0.212252
1594 -0.754947
1595 0.437937
1596 -0.540037
1597 0.355617
1598 -1.86196
1599 -1.17701
1600 0.910848
1601 1.46349
1602 0.748079
1603 -0.201707
1604 -0.628986
1605 -0.450358
1606 -1.32224
1607 -1.08459
1608 -4.04353
1609 -0.993333
1610 -1.14338
1611 -2.17251
1612 -0.715516
1613 -1.19656
1614 -3.79542
1615 -0.497427
1616 0.827807
1617 -0.53156
1618 0.371465
1619 0.0648868
1620 -1.05277
1621 0.999739
1622 -0.614403
1623 0.295995
1624 -1.92906
1625 -1.39925
1626 1.49313
1627 0.437852
1628 -0.734066
1629 0.144186
1630 0.504577
1631 0.119769
1632 -0.34152
1633 0.488769
1634 -0.39584
1635 -0.212876
1636 -0.310764
1637 0.813605
1638 0.00240187
1639 -0.391437
1640 0.0919474
1641 -0.742306
1642 0.896016
1643 1.45876
1644 0.506331
1645 -0.701827
1646 1.09836
1647 0.837454
1648 -1.43444
1649 0.339729
1650 0.699524
1651 0.511082
1652 -0.363483
1653 0.187321
1654 0.435167
1655 -0.241156
1656 -0.305018
1657 -0.926247
1658 0.155542
1659 -1.51611
1660 -0.0733382
1661 -0.396069
1662 -0.654073
1663 0.600772
1664 -1.9775
1665 -0.624912
1666 -0.610171
1667 0.590343
1668 -3.47144
1669 0.157905
1670 -0.129771
1671 0.417884
1672 -1.42611
1673 2.30819
1674 0.413306
1675 -0.596324
1676 0.648123
1677 -0.83366
1678 0.683513
1679 -1.97704
1680 -0.761693
1681 -0.289209
1682 -1.52427
1683 -0.206868
1684 -0.446718
1685 -1.12777
1686 0.498621
1687 -2.43832
1688 1.30487
1689 0.993968
1690 -0.143655
1691 -0.636982
1692 0.768435
1693 1.52062
1694 0.26602
1695 0.660105
1696 0.255942
1697 -0.233134
1698 0.533082
1699 -1.59423
1700 -0.858954
1701 -0.552337
1702 1.14036
1703 -1.06925
1704 -1.21739
1705 0.31453
1706 0.342073
1707 -1.76388
1708 0.0305148
1709 -1.47825
1710 3.26044
1711 -0.805265
1712 -0.78179
1713 -0.438143
1714 -0.549755
1715 0.282113
1716 -2.31398
1717 1.45858
1718 -0.45115
1719 1.22543
1720 0.124968
1721 -2.21222
1722 -2.73755
1723 0.46539
1724 -3.6772
1725 1.00603
1726 -2.36087
1727 -0.276994
1728 -2.68746
1729 1.05649
1730 -0.43802
1731 -0.916742
1732 -1.88388
1733 -0.0141525
1734 0.0810239
1735 0.895693
1736 -0.444268
1737 1.71094
1738 -0.262104
1739 -0.0264786
1740 -1.32407
1741 -1.3317
1742 -0.394973
1743 -2.12581
1744 0.39954
1745 -0.495005
1746 0.789718
1747 -1.03931
1748 0.528053
1749 1.59116
1750 -0.0158343
1751 -0.227902
1752 1.44014
1753 0.349912
1754 -0.0630185
1755 -1.01328
1756 0.194119
1757 1.05094
1758 0.17346
1759 -0.497951
1760 1.32165
1761 -0.316122
1762 0.0265486
1763 -0.180534
1764 0.881812
1765 0.19221
1766 -0.944086
1767 0.795991
1768 0.29891
1769 -1.37446
1770 -2.06549
1771 -0.623323
1772 -1.39211
1773 0.0661867
1774 -1.14928
1775 0.458303
1776 -0.782071
1777 -1.02233
1778 1.49495
1779 0.145096
1780 -1.45673
1781 -0.707152
1782 -2.43496
1783 0.248781
1784 -0.285152
1785 -2.28853
1786 -2.62931
1787 -0.155382
1788 -0.381043
1789 -1.54489
1790 -1.68483
1791 0.934352
1792 -0.602675
1793 -1.12649
1794 -2.43442
1795 -1.68969
1796 0.213338
1797 0.118252
1798 -1.11969
1799 0.774818
1800 0.280195
1801 -0.0268378
1802 1.27715
1803 -0.602458
1804 -1.03854
1805 1.04378
1806 1.19204
1807 0.152191
1808 0.433407
1809 1.48875
1810 0.678144
1811 -0.098889
1812 -0.509219
1813 -0.685075
1814 0.0846729
1815 0.316796
1816 -1.01994
1817 -0.25673
1818 -0.189538
1819 -0.778003
1820 -0.0692804
1821 0.59663
1822 0.114748
1823 -0.481408
1824 -0.914135
1825 0.252341
1826 0.170711
1827 -2.62793
1828 1.18181
1829 0.318131
1830 0.055824
1831 -1.60886
1832 -0.313806
1833 -0.540368
1834 -0.062089
1835 2.06554
1836 2.70856
1837 0.0138131
1838 -1.55542
1839 0.0327571
1840 1.22078
1841 -0.514766
1842 -0.548342
1843 0.288948
1844 -1.08726
1845 0.8123
1846 0.411466
1847 0.258587
1848 -0.803204
1849 0.637384
1850 1.01778
1851 1.22973
1852 -0.488314
1853 0.138275
1854 1.05639
1855 -0.0204557
1856 1.63754
1857 -1.72502
1858 0.286052
1859 -0.658977
1860 -0.776186
1861 1.59472
1862 -1.47379
1863 -1.17208
1864 3.35423
1865 -3.06655
1866 -0.608754
1867 0.68504
1868 0.259025
1869 -0.415323
1870 0.287641
1871 -0.564087
1872 -0.925637
1873 0.509401
1874 0.121949
1875 -0.314589
1876 -1.83899
1877 -1.07607
1878 -0.628136
1879 -1.31897
1880 -0.531235
1881 0.506508
1882 0.47909
1883 0.682523
1884 -0.306611
1885 -0.823121
1886 0.668978
1887 -0.113901
1888 -0.470247
1889 0.994235
1890 -0.749529
1891 -0.0326134
1892 1.87157
1893 -0.142387
1894 -1.41799
1895 -0.0066363
1896 1.34388
1897 -2.09708
1898 -0.362737
1899 -0.863607
1900 -0.202305
1901 0.83657
1902 -0.643221
1903 -0.776951
1904 -0.455576
1905 -0.141485
1906 -0.527725
1907 0.422436
1908 0.305405
1909 -0.720322
1910 0.585726
1911 -1.90971
1912 -0.1247
1913 0.623026
1914 -0.155126
1915 -1.49161
1916 1.07504
1917 -0.978687
1918 0.00112521
1919 0.543791
1920 1.18731
1921 -0.126516
1922 0.907311
1923 -0.431124
1924 0.994788
1925 -0.0794696
1926 0.0677814
1927 0.44384
1928 -1.51846
1929 0.527022
1930 -2.16567
1931 -0.760436
1932 0.968514
1933 -1.74317
1934 -0.650441
1935 -0.937568
1936 -0.102027
1937 -0.325514
1938 1.47612
1939 0.165729
1940 -0.464265
1941 -0.0195835
1942 -0.91286
1943 0.551947
1944 -0.815129
1945 -1.39337
1946 0.682105
1947 0.135533
1948 -2.67417
1949 -0.196873
1950 -0.0636811
1951 0.871583
1952 -0.793573
1953 0.253094
1954 -0.00461054
1955 0.254424
1956 1.15683
1957 -0.912175
1958 0.395156
1959 -0.747508
1960 -0.778527
1961 0.083087
1962 1.24791
1963 -0.841721
1964 -0.0075295
1965 0.201128
1966 0.850921
1967 -0.684349
1968 -0.311497
1969 0.648866
1970 0.701518
1971 0.527444
1972 -0.618582
1973 0.667351
1974 -1.2931
1975 0.721341
1976 1.30449
1977 0.630703
1978 -0.197947
1979 -0.214007
1980 -0.219369
1981 -0.206718
1982 0.381444
1983 -0.787009
1984 -1.80937
1985 -2.41213
1986 0.343835
1987 0.255786
1988 2.97525
1989 -0.300462
1990 0.0144231
1991 -0.439491
1992 -0.286736
1993 -0.0415483
1994 -1.43831
1995 1.07612
1996 0.156016
1997 0.450903
1998 0.0445812
1999 -2.38922
2000 -3.04513
2001 -0.663461
2002 1.89346
2003 0.281428
2004 -0.0255696
2005 -0.85402
2006 -1.92688
2007 0.18912
2008 -0.242886
2009 0.118133
2010 0.00455781
2011 -0.274841
2012 0.188545
2013 1.45263
2014 -1.41006
2015 2.09985
2016 -1.27364
2017 -0.74475
2018 -0.994011
2019 -0.247507
2020 -1.09158
2021 -0.206532
2022 0.70528
2023 -0.313632
2024 -0.0677078
2025 -0.952588
2026 -0.919843
2027 -1.30873
2028 -0.495352
2029 0.350426
2030 3.09544
2031 1.82004
2032 -0.18404
2033 0.953826
2034 0.233264
2035 0.124349
2036 -0.311434
2037 0.243535
2038 -0.652989
2039 -0.347525
2040 0.516296
2041 -0.514257
2042 -1.44261
2043 0.272941
2044 1.20813
2045 -0.597875
2046 -0.592064
2047 0.0764048
2048 1.57069
2049 -0.0476516
2050 1.6227
2051 -1.53636
2052 -1.64951
2053 0.703439
2054 1.60698
2055 0.112847
2056 -0.491516
2057 0.698866
2058 0.366894
2059 -1.64539
2060 -0.160811
2061 0.364303
2062 -0.223857
2063 -0.649606
2064 -0.994287
2065 0.171474
2066 2.47643
2067 0.840468
2068 -0.762827
2069 -0.956136
2070 0.714267
2071 0.489551
2072 0.627734
2073 -2.33647
2074 0.347504
2075 1.33844
2076 0.512764
2077 0.508635
2078 -0.406924
2079 0.640505
2080 -1.19321
2081 1.84783
2082 2.26629
2083 -0.962995
2084 -2.92614
2085 -0.446899
2086 0.882046
2087 0.178262
2088 0.641926
2089 1.05036
2090 0.255938
2091 -0.545866
2092 -0.438921
2093 -0.828352
2094 0.716967
2095 -0.974631
2096 -2.0459
2097 0.100105
2098 0.515807
2099 1.8729
2100 1.23354
2101 -1.05664
2102 -0.773039
2103 1.96561
2104 -1.72153
2105 -0.0331076
2106 -0.841061
2107 -2.03197
2108 -1.20503
2109 0.148565
2110 -0.32721
2111 -0.529174
2112 0.753414
2113 -0.00841172
2114 0.542731
2115 0.844065
2116 -1.99411
2117 -1.56419
2118 -0.171991
2119 -0.104329
2120 -0.139585
2121 0.181652
2122 0.150518
2123 0.298854
2124 -1.01724
2125 0.196255
2126 -1.77411
2127 -0.334163
2128 0.739616
2129 -1.08527
2130 0.15814
2131 -1.84103
2132 1.54272
2133 2.82794
2134 0.912843
2135 0.459173
2136 0.999399
2137 0.108787
2138 0.678338
2139 -0.952685
2140 1.13702
2141 0.612773
2142 0.474612
2143 0.334429
2144 -1.60137
2145 -3.89024
2146 -0.468188
2147 -4.00654
2148 -1.96575
2149 -7.20747
2150 -0.0442374
2151 3.40003
2152 -0.560736
2153 -1.6871
2154 -0.724742
2155 0.746801
2156 -0.192653
2157 -0.370468
2158 -3.1301
2159 0.108298
2160 -1.73678
2161 -1.75647
2162 -0.128053
2163 0.880079
2164 -1.86908
2165 0.440987
2166 0.069376
2167 -2.67405
2168 0.597632
2169 0.289657
2170 -0.495582
2171 -0.670133
2172 1.25077
2173 0.222558
2174 -0.202248
2175 -0.793914
2176 -0.26111
2177 0.185066
2178 1.20769
2179 0.340936
2180 -0.0300905
2181 0.050009
2182 -0.0366555
2183 0.0884595
2184 -0.900992
2185 -0.397595
2186 0.270913
2187 0.97546
2188 -0.267155
2189 -0.571878
2190 0.886372
2191 -1.92235
2192 -1.88257
2193 0.650762
2194 -0.709783
2195 -0.546409
2196 -0.115863
2197 -1.63485
2198 1.23675
2199 -0.294665
2200 -0.465559
2201 -0.48278
2202 -0.254409
2203 -0.71516
2204 -1.59027
2205 -0.920578
2206 1.60314
2207 0.446772
2208 0.47913
2209 -2.98036
2210 -0.031433
2211 -0.741273
2212 -0.466199
2213 -0.12852
2214 -0.338414
2215 -0.0272748
2216 0.432659
2217 0.323217
2218 -1.17303
2219 -1.21421
2220 -0.469915
2221 -0.10322
2222 0.637501
2223 0.0651095
2224 0.579072
2225 -0.0100197
2226 -0.161394
2227 -2.51367
2228 0.83449
2229 0.289687
2230 0.194361
2231 -1.62192
2232 -0.325194
2233 -0.198108
2234 0.0968526
2235 -0.602768
2236 3.18913
2237 -0.608976
2238 0.00947136
2239 -0.881105
2240 0.0475017
2241 1.11251
2242 0.560811
2243 -0.0847174
2244 -0.335865
2245 0.840142
2246 -0.27303
2247 -1.17984
2248 -1.4746
2249 0.463515
2250 0.248309
2251 0.634226
2252 -1.24211
2253 0.705419
2254 0.168725
2255 -1.59938
2256 1.0833
2257 -0.95672
2258 -0.093652
2259 -0.989658
2260 -1.03873
2261 -1.68829
2262 0.715854
2263 0.84626
2264 0.813034
2265 0.17561
2266 0.900604
2267 -1.35503
2268 -0.340734
2269 -0.0946634
2270 1.31827
2271 0.269035
2272 0.755932
2273 -0.342338
2274 -0.923591
2275 -0.105876
2276 0.034761
2277 -0.279643
2278 -0.799418
2279 -3.09298
2280 -0.403665
2281 -0.476033
2282 -0.349308
2283 0.321513
2284 -0.696197
2285 2.20911
2286 0.78491
2287 0.383627
2288 -1.49118
2289 2.45338
2290 -1.23286
2291 -1.13029
2292 -2.79037
2293 -0.75306
2294 -0.198195
2295 -2.41112
2296 0.418991
2297 -1.44323
2298 -1.04311
2299 -0.785185
2300 -0.779455
2301 -1.102
2302 0.137703
2303 0.223229
2304 2.35119
2305 0.534708
2306 -0.625145
2307 -1.22913
2308 0.232234
2309 0.688552
2310 -0.0109613
2311 -0.291267
2312 0.272104
2313 0.746233
2314 -0.227689
2315 0.157573
2316 1.10898
2317 1.13322
2318 -0.767634
2319 1.27076
2320 0.0216394
2321 -1.51749
2322 -1.92791
2323 0.812602
2324 1.35112
2325 -0.173926
2326 0.0773448
2327 -0.00632995
2328 -0.587152
2329 -0.468171
2330 -1.94954
2331 -0.651917
2332 2.07869
2333 -0.543664
2334 -0.155624
2335 -0.298299
2336 -0.0206795
2337 1.63771
2338 -0.260721
2339 -4.02418
2340 -0.662687
2341 -1.38106
2342 1.49831
2343 -0.87792
2344 0.288027
2345 -0.679772
2346 1.30537
2347 -1.28699
2348 -0.00223612
2349 -3.84941
2350 -0.339291
2351 -0.361072
2352 -0.266268
2353 0.227628
2354 -0.67534
2355 0.173834
2356 0.381269
2357 -0.791295
2358 0.285165
2359 -0.931156
2360 0.4652
2361 -0.430911
2362 0.677215
2363 -1.10259
2364 -1.42171
2365 -0.119849
2366 -0.0507029
2367 -0.74071
2368 -0.638387
2369 -1.17206
2370 0.559572
2371 -1.4787
2372 0.713278
2373 -0.30868
2374 -0.235366
2375 0.134688
2376 0.34346
2377 -0.0959199
2378 0.411428
2379 -1.37569
2380 1.33019
2381 -1.19461
2382 -1.00322
2383 -0.691461
2384 -1.70263
2385 2.12702
2386 -1.36651
2387 -0.453263
2388 -0.018889
2389 0.990687
2390 0.268474
2391 -0.1382
2392 -0.492241
2393 0.737239
2394 1.26857
2395 0.624639
2396 -0.156918
2397 0.236495
2398 0.00970318
2399 -0.183542
2400 -0.439538
2401 -0.161117
2402 -1.49596
2403 0.521725
2404 -0.283888
2405 1.06309
2406 -2.41227
2407 -0.132956
2408 -0.452291
2409 0.480183
2410 0.619751
2411 -0.239581
2412 0.026305
2413 0.307734
2414 -0.201928
2415 -0.106869
2416 -0.14677
2417 0.326943
2418 0.0410792
2419 0.267571
2420 0.178267
2421 0.969159
2422 0.436975
2423 -0.0308477
2424 0.620175
2425 -0.445405
2426 0.507893
2427 0.206112
2428 -1.43999
2429 0.839332
2430 0.291418
2431 -0.150309
2432 -0.72864
2433 -0.0852738
2434 -1.12395
2435 -0.637353
2436 -0.682503
2437 0.707541
2438 0.189514
2439 0.0848591
2440 -0.428867
2441 -0.415399
2442 0.846694
2443 0.322363
2444 -0.425779
2445 -0.430237
2446 0.227612
2447 -0.153849
2448 -0.294596
2449 0.793453
2450 0.212962
2451 3.34278
2452 -0.342761
2453 2.19723
2454 0.0826519
2455 -0.492766
2456 -1.85039
2457 -0.836194
2458 -0.375731
2459 1.2813
2460 -0.618013
2461 0.0502686
2462 -0.758875
2463 0.233628
2464 0.251801
2465 -0.554516
2466 -0.631535
2467 0.218943
2468 -0.137715
2469 -0.100716
2470 -0.829431
2471 -0.691946
2472 0.474138
2473 -0.0441887
2474 -0.863026
2475 0.766754
2476 0.84428
2477 0.811077
2478 0.315714
2479 0.610273
2480 0.842411
2481 -0.27277
2482 -0.802666
2483 -0.500565
2484 -0.312187
2485 -1.7364
2486 -0.0177917
2487 -0.775149
2488 0.129773
2489 -0.845466
2490 1.06592
2491 -0.387389
2492 -0.531999
2493 -0.648241
2494 -0.641954
2495 0.0653262
2496 0.500266
2497 -0.578466
2498 0.352589
2499 3.56365
2500 -0.873581
2501 0.431568
2502 0.334121
2503 -0.110963
2504 0.377326
2505 0.039812
2506 0.141872
2507 1.04071
2508 -1.12775
2509 1.10629
2510 0.202257
2511 2.01813
2512 0.164132
2513 -0.566402
2514 -1.73322
2515 -0.869909
2516 -0.199167
2517 0.263811
2518 -0.510889
2519 1.17488
2520 -0.00569477
2521 -0.69727
2522 0.765035
2523 -0.490304
2524 -0.225883
2525 0.462375
2526 -0.577661
2527 -0.35961
2528 -1.80649
2529 -0.268226
2530 -0.416021
2531 -0.0815193
2532 -0.617525
2533 0.242819
2534 -0.538143
2535 -0.581333
2536 -1.93407
2537 -0.0271346
2538 1.01392
2539 -1.90943
2540 0.158421
2541 -0.753693
2542 -0.719663
2543 1.19373
2544 -1.91761
2545 -0.304238
2546 -0.718965
2547 0.125336
2548 0.993313
2549 -0.844172
2550 -0.801187
2551 -0.118806
2552 -0.373334
2553 -0.762864
2554 -0.746072
2555 -0.324048
2556 -0.868934
2557 0.505551
2558 -0.63707
2559 -1.01869
2560 -1.00151
2561 -0.259237
2562 -0.698124
2563 0.821669
2564 -0.112068
2565 -0.538152
2566 0.351538
2567 0.48622
2568 -0.299089
2569 -0.566827
2570 0.562635
2571 -0.531087
2572 -0.390584
2573 0.158905
2574 -0.383957
2575 -0.102987
2576 -0.0594973
2577 -1.72059
2578 0.183173
2579 0.623313
2580 -0.601745
2581 -0.0801959
2582 0.264412
2583 -0.662673
2584 -0.747615
2585 0.831193
2586 0.000125737
2587 0.102698
2588 -0.505639
2589 -0.430132
2590 0.870903
2591 0.105508
2592 -0.210475
2593 0.472229
2594 0.92087
2595 -0.640137
2596 0.294934
2597 -0.23879
2598 0.532052
2599 0.54771
2600 -0.498728
2601 -0.0468731
2602 -0.338162
2603 -0.0582853
2604 0.623275
2605 -0.558409
2606 1.06967
2607 -1.95204
2608 -0.133116
2609 0.00488465
2610 -0.567881
2611 0.694549
2612 -0.857709
2613 0.149515
2614 0.126841
2615 -0.00885361
2616 1.17775
2617 0.18602
2618 1.10389
2619 -0.195862
2620 0.643036
2621 0.599901
2622 0.63469
2623 -0.46843
2624 -1.12009
2625 0.260325
2626 1.43208
2627 0.747017
2628 1.42254
2629 0.573304
2630 -0.157065
2631 0.0439544
2632 3.48958
2633 0.990844
2634 -0.39433
2635 -0.175643
2636 0.108579
2637 -0.202254
2638 1.72569
2639 -0.955408
2640 0.39404
2641 -0.771798
2642 -0.218552
2643 -0.866104
2644 0.449132
2645 -0.713749
2646 0.612104
2647 -1.31387
2648 0.333495
2649 -0.311337
2650 0.646404
2651 -0.699477
2652 -0.0566102
2653 -0.502349
2654 -0.667406
2655 -0.254604
2656 0.982238
2657 1.52839
2658 0.362894
2659 0.612971
2660 0.797667
2661 0.321169
2662 -0.92154
2663 -0.0437964
2664 1.39477
2665 0.517752
2666 0.76284
2667 -2.62075
2668 -0.807078
2669 0.000380255
2670 0.981982
2671 2.31334
2672 -0.83892
2673 -1.31773
2674 -0.32969
2675 0.134162
2676 0.384531
2677 0.170739
2678 -0.0637473
2679 -0.24671
2680 -1.07685
2681 -0.422827
2682 -0.301286
2683 -0.550049
2684 -0.401051
2685 -0.4839
2686 -1.74793
2687 1.08727
2688 1.07224
2689 -1.61142
2690 -0.175873
2691 0.218948
2692 -0.566324
2693 -0.897087
2694 -0.191195
2695 -1.39617
2696 0.190367
2697 -1.37815
2698 -1.8593
2699 0.982199
2700 0.491651
2701 1.34097
2702 0.0282695
2703 0.0757982
2704 -0.0821608
2705 -1.24274
2706 -0.220231
2707 -2.32578
2708 0.891047
2709 0.315264
2710 0.157376
2711 0.352776
2712 -0.761616
2713 -0.543646
2714 1.99482
2715 -0.491165
2716 -1.24125
2717 -1.42852
2718 1.33306
2719 -1.56554
2720 0.352956
2721 0.121826
2722 -1.01319
2723 0.760593
2724 1.41479
2725 1.40198
2726 0.879977
2727 -0.00977357
2728 1.31414
2729 -0.133186
2730 -0.961691
2731 1.29946
2732 0.543022
2733 -0.670251
2734 -0.378804
2735 0.0845439
2736 -0.0403096
2737 0.318903
2738 -1.17505
2739 -0.123216
2740 -0.199291
2741 -1.12752
2742 -3.35746
2743 -0.132272
2744 -0.434052
2745 0.142772
2746 0.581191
2747 -0.111383
2748 -0.322499
2749 1.05963
2750 0.271444
2751 1.02921
2752 -0.786113
2753 -1.10589
2754 -1.3206
2755 -0.146079
2756 -0.360192
2757 0.546599
2758 -0.0139209
2759 0.151536
2760 -0.672124
2761 -0.441249
2762 -0.493736
2763 -0.469171
2764 0.124581
2765 -1.05701
2766 -0.0972412
2767 0.110861
2768 -0.0863606
2769 -2.29885
2770 0.0288614
2771 0.721212
2772 0.319357
2773 -0.191301
2774 1.0208
2775 -0.234817
2776 -0.0319875
2777 0.603049
2778 -1.00243
2779 1.05362
2780 0.811549
2781 0.202858
2782 -0.86378
2783 -0.886613
2784 -0.473417
2785 0.964933
2786 0.62998
2787 0.178504
2788 -0.538121
2789 0.627456
2790 -0.904224
2791 -0.396829
2792 -0.355592
2793 0.512516
2794 -0.737477
2795 -0.68208
2796 0.89526
2797 0.551656
2798 -0.345731
2799 -0.740257
2800 0.153502
2801 -0.778251
2802 -1.26195
2803 0.0436562
2804 -0.949444
2805 0.78664
2806 -0.39698
2807 0.281527
2808 0.481832
2809 1.28673
2810 0.668482
2811 1.67005
2812 0.0582559
2813 -0.0969402
2814 -0.914096
2815 -0.559015
2816 -0.513987
2817 -0.860262
2818 -0.538352
2819 0.722202
2820 0.484615
2821 -0.0851669
2822 0.33805
2823 -0.165284
2824 -0.71444
2825 -2.65889
2826 0.359896
2827 -0.49068
2828 -0.00200894
2829 -0.87375
2830 -0.0981396
2831 -0.34354
2832 -1.1172
2833 -0.63306
2834 -0.346248
2835 -0.064955
2836 0.295227
2837 -0.786234
2838 -0.0521296
2839 0.371706
2840 -1.74456
2841 -0.15405
2842 -1.62893
2843 0.120865
2844 -0.169543
2845 0.209444
2846 -0.374117
2847 0.678324
2848 0.317582
2849 0.355375
2850 -0.934742
2851 0.592464
2852 0.135024
2853 -1.31671
2854 0.720689
2855 -0.0717169
2856 -1.31688
2857 1.00932
2858 -0.701007
2859 -0.435968
2860 0.155275
2861 -1.11883
2862 0.335107
2863 -0.624772
2864 -0.474129
2865 -0.592706
2866 0.475173
2867 -0.962839
2868 0.374893
2869 -0.369087
2870 -0.144118
2871 -2.77617
2872 0.39759
2873 -2.28756
2874 -0.635789
2875 0.636105
2876 -0.052557
2877 0.0970057
2878 -0.00501179
2879 -0.915893
2880 0.510315
2881 0.493361
2882 -1.37395
2883 -0.55094
2884 -0.291688
2885 0.0394053
2886 -0.580114
2887 -1.07597
2888 0.105089
2889 1.17976
2890 0.876417
2891 -1.20715
2892 -0.38104
2893 0.275018
2894 1.6892
2895 -1.38165
2896 0.187242
2897 -1.2403
2898 -0.209679
2899 1.08379
2900 -0.445824
2901 -0.322777
2902 0.0113634
2903 0.202756
2904 0.460185
2905 0.760375
2906 1.69141
2907 0.427768
2908 -0.570341
2909 0.0426819
2910 0.270539
2911 -1.23117
2912 3.48884
2913 1.2041
2914 0.0794737
2915 -1.96718
2916 0.904402
2917 -0.154461
2918 0.580516
2919 0.487635
2920 -0.771725
2921 0.548035
2922 -0.253034
2923 -1.16538
2924 0.0971168
2925 -1.2884
2926 -0.0468088
2927 -0.751619
2928 -0.173673
2929 0.263837
2930 -0.515226
2931 0.511972
2932 0.0645395
2933 -0.39511
2934 0.750129
2935 0.814139
2936 0.300174
2937 0.104113
2938 -0.452903
2939 0.20993
2940 0.35842
2941 -1.11859
2942 -0.229688
2943 -0.559908
2944 -0.857095
2945 0.414385
2946 0.220497
2947 -0.727073
2948 0.0165332
2949 -0.340788
2950 2.31411
2951 -0.200258
2952 1.07016
2953 -3.32818
2954 -0.486893
2955 -0.521747
2956 -0.422597
2957 -0.358039
2958 -0.640395
2959 -0.926657
2960 -0.67207
2961 0.102136
2962 -1.17514
2963 0.62379
2964 -0.597087
2965 0.23049
2966 0.809198
2967 -1.33206
2968 0.778725
2969 -1.81316
2970 -0.688723
2971 1.68593
2972 -1.82688
2973 -0.667965
2974 -0.838498
2975 -1.49472
2976 0.939684
2977 1.12654
2978 0.403103
2979 0.205216
2980 -0.0139933
2981 -1.64131
2982 -0.368786
2983 0.390617
2984 0.107583
2985 2.53554
2986 1.72253
2987 0.963371
2988 0.207893
2989 0.492428
2990 0.133524
2991 -0.756679
2992 3.09736
2993 1.29761
2994 -0.0900487
2995 0.0819014
2996 -1.05764
2997 -1.45702
2998 1.62422
2999 -1.26397
3000 0.229265
3001 0.343919
3002 -0.231084
3003 -0.193181
3004 0.304534
3005 -0.78371
3006 -0.484538
3007 0.0264326
3008 0.23756
3009 -0.902061
3010 -0.773832
3011 -1.20044
3012 -0.918673
3013 -0.180293
3014 -1.74114
3015 -1.15864
3016 0.165847
3017 -0.171198
3018 -0.12357
3019 -0.67986
3020 -0.181342
3021 1.19001
3022 -0.701315
3023 -0.61604
3024 0.413046
3025 -2.42347
3026 -0.0677345
3027 -0.491359
3028 -0.0853239
3029 -1.23446
3030 -0.767828
3031 0.108533
3032 1.76235
3033 -0.392769
3034 -1.5328
3035 -0.832737
3036 -0.113564
3037 -0.597275
3038 -3.71133
3039 0.93585
3040 -0.24945
3041 -0.118308
3042 3.32106
3043 -1.22966
3044 1.64122
3045 -0.0946789
3046 1.59967
3047 -0.752548
3048 0.210562
3049 0.712392
3050 -0.0533441
3051 -0.126264
3052 0.278462
3053 -0.304289
3054 0.0105745
3055 0.134454
3056 -0.0357549
3057 -0.275574
3058 0.755966
3059 -0.578765
3060 0.424838
3061 0.724952
3062 0.921752
3063 -0.329647
3064 1.04516
3065 0.708581
3066 -0.218456
3067 -0.728477
3068 0.46847
3069 -0.282878
3070 -0.347531
3071 -0.201747
3072 -0.475797
3073 -0.802968
3074 -0.672246
3075 0.45051
3076 0.380778
3077 -0.463832
3078 -0.0891727
3079 1.01451
3080 0.628081
3081 0.0906661
3082 0.0591113
3083 0.543031
3084 -0.129854
3085 -0.0117621
3086 -1.58842
3087 0.941209
3088 -0.177559
3089 0.620964
3090 -0.117578
3091 0.137256
3092 -0.199615
3093 -0.189926
3094 0.0108943
3095 -1.27728
3096 -0.172204
3097 -0.0177453
3098 -0.510955
3099 -0.237287
3100 0.738169
3101 -0.261868
3102 0.0468906
3103 -1.74779
3104 -0.976373
3105 -0.0121072
3106 1.8476
3107 -1.22038
3108 -0.188958
3109 0.100628
3110 -0.726712
3111 -0.272041
3112 -0.443654
3113 -1.28851
3114 1.21978
3115 1.03852
3116 0.0341135
3117 -0.166059
3118 -0.563141
3119 0.153212
3120 3.14801
3121 0.498898
3122 -1.27163
3123 -1.17174
3124 0.147771
3125 0.159405
3126 0.0563353
3127 -3.50725
3128 0.403915
3129 0.363276
3130 -0.150816
3131 -0.630816
3132 -0.126674
3133 -0.577372
3134 0.191282
3135 -1.41262
3136 -0.526814
3137 -0.465899
3138 -0.324209
3139 -0.64487
3140 -0.397247
3141 -0.212107
3142 0.281846
3143 -2.33255
3144 0.237584
3145 0.0104899
3146 -0.555732
3147 -2.80341
3148 -0.140812
3149 -0.177202
3150 -0.102716
3151 0.421433
3152 0.168638
3153 -0.472832
3154 -0.766688
3155 -2.34846
3156 -0.801062
3157 1.49748
3158 -1.13724
3159 -0.321336
3160 0.759626
3161 0.414843
3162 0.0231352
3163 -0.185142
3164 0.00681077
3165 0.722424
3166 0.916044
3167 -1.62389
3168 0.398521
3169 -1.06221
3170 1.07031
3171 -0.130461
3172 0.549858
3173 -1.47179
3174 -0.0693352
3175 -1.20338
3176 0.103985
3177 -3.04986
3178 -1.28395
3179 -0.25983
3180 -1.5538
3181 -0.569265
3182 -0.00923046
3183 -0.885896
3184 -0.180412
3185 -0.747983
3186 -0.182305
3187 0.577016
3188 -0.448134
3189 -1.65314
3190 0.106176
3191 0.159536
3192 -0.246366
3193 0.934428
3194 -0.768981
3195 0.802602
3196 0.0677561
3197 -0.182412
3198 0.303292
3199 0.240931
3200 -0.723893
3201 0.200036
3202 0.550334
3203 -1.10976
3204 0.598633
3205 -0.314876
3206 -0.309878
3207 1.29519
3208 -2.39883
3209 1.09013
3210 2.05249
3211 0.255104
3212 0.580136
3213 -0.791731
3214 1.45817
3215 -1.81313
3216 -0.40152
3217 0.744867
3218 -0.0497336
3219 0.169717
3220 -0.0030187
3221 0.0833759
3222 0.657751
3223 1.12558
3224 -0.597646
3225 -0.977514
3226 -0.0253406
3227 -0.172927
3228 0.00363105
3229 -0.252745
3230 -0.147057
3231 -0.342545
3232 0.697414
3233 2.34278
3234 -0.734271
3235 -0.022673
3236 0.535058
3237 -0.94041
3238 0.117227
3239 0.802624
3240 -1.19876
3241 -0.663045
3242 -0.815913
3243 -0.184111
3244 0.208746
3245 0.0995459
3246 1.24038
3247 0.238238
3248 0.445703
3249 0.0436395
3250 -2.36965
3251 -0.348516
3252 0.150215
3253 -0.209456
3254 0.176114
3255 -0.114249
3256 0.417958
3257 -0.461853
3258 1.25513
3259 -1.15962
3260 -0.303391
3261 -0.857801
3262 -0.41181
3263 0.299893
3264 0.32324
3265 -0.706215
3266 0.947148
3267 1.76921
3268 -0.656722
3269 0.64066
3270 -0.192541
3271 0.230458
3272 -1.05159
3273 -1.83066
3274 0.659361
3275 1.27882
3276 -0.230457
3277 -1.98456
3278 0.389564
3279 -0.321389
3280 0.0865681
3281 0.400514
3282 0.130951
3283 1.09894
3284 -0.710873
3285 -0.864192
3286 -0.618445
3287 0.423712
3288 -0.254341
3289 0.0125973
3290 2.28289
3291 0.572235
3292 0.417913
3293 0.777034
3294 -0.145496
3295 -1.08844
3296 -2.4384
3297 0.0753306
3298 -1.16321
3299 2.381
3300 -0.09003
3301 -0.421236
3302 -0.675049
3303 -0.501885
3304 -0.402007
3305 -0.152001
3306 -0.690817
3307 -0.918792
3308 0.144999
3309 0.112311
3310 0.0113652
3311 0.469631
3312 -0.211309
3313 0.678277
3314 0.19531
3315 0.438501
3316 -0.187355
3317 1.54695
3318 -0.52691
3319 0.502116
3320 0.412295
3321 0.224418
3322 -0.752397
3323 0.742766
3324 0.413848
3325 -0.388101
3326 -0.0584122
3327 0.569672
3328 -0.108261
3329 -2.49302
3330 -2.47018
3331 -0.0172059
3332 -0.145017
3333 -0.193069
3334 0.378624
3335 -0.652275
3336 0.423488
3337 0.673935
3338 0.262485
3339 0.144647
3340 -0.547714
3341 0.434235
3342 2.13068
3343 0.0201573
3344 -0.254654
3345 0.0400689
3346 -1.01824
3347 0.329562
3348 -0.290738
3349 -0.180672
3350 -0.31093
3351 -0.180871
3352 -0.0805811
3353 -1.73247
3354 0.610753
3355 0.519109
3356 1.54341
3357 -1.11595
3358 -0.297976
3359 -0.180884
3360 -0.851022
3361 0.390374
3362 0.0834573
3363 0.506853
3364 0.0990489
3365 0.365489
3366 1.64824
3367 0.541498
3368 0.627082
3369 0.589035
3370 -0.173561
3371 -1.50545
3372 1.69478
3373 0.460169
3374 0.126664
3375 -0.441774
3376 0.600782
3377 -2.01881
3378 -1.37454
3379 0.311273
3380 4.23875
3381 -1.69417
3382 -0.221344
3383 0.015784
3384 1.35397
3385 0.198473
3386 -0.5084
3387 -0.203414
3388 -1.66184
3389 -0.000821806
3390 -1.99424
3391 0.295382
3392 0.395769
3393 -0.0996227
3394 0.0575887
3395 0.81399
3396 0.177087
3397 -0.967349
3398 -0.089183
3399 -0.0340745
3400 0.0536457
3401 -1.34263
3402 0.145771
3403 -0.265895
3404 -0.0763851
3405 0.350422
3406 0.258522
3407 -2.0479
3408 0.374139
3409 0.181252
3410 -0.112082
3411 -0.218967
3412 0.625485
3413 0.725617
3414 0.410798
3415 -0.668
3416 1.24449
3417 0.570614
3418 -1.38635
3419 -2.02456
3420 0.423033
3421 -0.0849816
3422 0.66832
3423 -0.899898
3424 -0.45284
3425 0.546802
3426 0.0740949
3427 0.0628526
3428 2.30813
3429 -1.31653
3430 -2.38977
3431 1.13469
3432 -0.670907
3433 -0.738104
3434 -0.166678
3435 -0.117961
3436 -2.22255
3437 0.876695
3438 1.24455
3439 0.0606164
3440 0.214452
3441 0.091976
3442 -0.387176
3443 -0.0559114
3444 -1.05367
3445 -1.33859
3446 0.0732833
3447 -1.0375
3448 1.15139
3449 2.25593
3450 0.810575
3451 -0.619551
3452 0.517951
3453 0.0512071
3454 0.790993
3455 0.662223
3456 -0.178681
3457 -0.323011
3458 0.46462
3459 -0.0359415
3460 -2.02366
3461 -1.0675
3462 -0.127401
3463 1.6304
3464 -1.55634
3465 -0.480611
3466 0.219253
3467 -0.598297
3468 -0.214109
3469 -1.11731
3470 1.06174
3471 -0.264828
3472 -1.29821
3473 -0.0425633
3474 -0.358252
3475 0.844977
3476 0.772787
3477 -0.87607
3478 -0.348516
3479 -1.6516
3480 -1.71066
3481 -0.350771
3482 -0.0686446
3483 -0.404202
3484 0.521858
3485 0.0396132
3486 -0.28574
3487 0.698981
3488 -5.07817
3489 0.31412
3490 -1.13525
3491 -0.901375
3492 -0.135551
3493 0.90634
3494 -0.228012
3495 -0.524979
3496 0.438911
3497 -0.00714308
3498 0.177614
3499 -0.444978
3500 0.031358
3501 -0.859312
3502 -0.406739
3503 -0.279083
3504 -0.338321
3505 0.0865569
3506 -0.493695
3507 0.297989
3508 -2.02171
3509 1.93462
3510 -1.54132
3511 0.224099
3512 1.03413
3513 -0.49979
3514 0.51215
3515 0.0196194
3516 -0.282028
3517 -1.05788
3518 -0.247919
3519 -0.393786
3520 0.0106241
3521 -0.0425872
3522 0.349014
3523 0.228219
3524 -1.28418
3525 0.743934
3526 -0.387066
3527 0.386756
3528 0.636898
3529 1.12498
3530 0.944235
3531 -0.0643217
3532 -1.12734
3533 0.735424
3534 -0.154948
3535 0.139523
3536 -0.759595
3537 -0.983656
3538 0.29452
3539 0.187597
3540 -0.455523
3541 -0.514192
3542 -0.182999
3543 -0.142361
3544 1.02562
3545 0.658699
3546 0.258963
3547 0.76962
3548 -0.0624896
3549 1.07567
3550 0.104522
3551 0.686202
3552 -2.15223
3553 0.0605394
3554 -0.572151
3555 -0.376546
3556 0.0289769
3557 0.680802
3558 -0.0934329
3559 0.952082
3560 -0.477622
3561 0.299704
3562 -1.17752
3563 0.195996
3564 0.020706
3565 -0.460774
3566 0.37134
3567 0.328221
3568 0.356659
3569 -0.291752
3570 0.405474
3571 0.0991168
3572 0.311595
3573 0.762392
3574 -1.06011
3575 0.466244
3576 0.0937116
3577 1.49168
3578 -0.678923
3579 -2.62994
3580 -0.404615
3581 -1.53667
3582 -0.289356
3583 0.498774
3584 -0.47876
3585 -0.0703081
3586 0.504452
3587 -0.614686
3588 -0.802458
3589 -1.6345
3590 -0.639393
3591 -0.494241
3592 0.302128
3593 0.833708
3594 0.367442
3595 -0.0795993
3596 0.306075
3597 0.158613
3598 -0.504289
3599 0.383018
3600 0.031406
3601 0.124554
3602 0.360819
3603 -0.7818
3604 -0.173304
3605 0.327493
3606 -0.407666
3607 -1.09468
3608 -0.121979
3609 -0.056119
3610 -2.24153
3611 0.151513
3612 -1.7542
3613 0.412884
3614 -0.691621
3615 -1.27376
3616 1.51331
3617 0.373688
3618 -1.07053
3619 -1.07858
3620 0.470373
3621 1.09801
3622 0.983512
3623 1.04277
3624 0.821593
3625 0.0291239
3626 -0.977251
3627 -0.249883
3628 -1.29861
3629 -0.486817
3630 -0.492278
3631 1.1632
3632 0.0324553
3633 0.313193
3634 0.534515
3635 0.0976127
3636 -0.473092
3637 -0.0643539
3638 -1.82634
3639 -0.956623
3640 -0.152663
3641 -0.181875
3642 0.593353
3643 -0.198271
3644 -0.192644
3645 -0.968089
3646 -1.59373
3647 -0.507166
3648 -0.813507
3649 0.0264087
3650 -0.3377
3651 0.5846
3652 0.669091
3653 -1.56162
3654 2.32507
3655 2.48119
3656 -0.00449838
3657 -0.926103
3658 -0.627439
3659 0.153725
3660 0.598151
3661 -1.01312
3662 -0.655215
3663 0.21761
3664 -0.116129
3665 1.16553
3666 -0.635328
3667 -0.423967
3668 -0.267045
3669 -1.83339
3670 -1.85197
3671 -1.0277
3672 3.67859
3673 0.712114
3674 0.0326522
3675 0.766243
3676 -0.259969
3677 0.827467
3678 0.30869
3679 0.0847631
3680 -0.27601
3681 -0.133207
3682 -0.607091
3683 0.0838144
3684 0.494611
3685 1.08725
3686 -1.14557
3687 -0.639074
3688 -0.89539
3689 -0.313036
3690 0.809658
3691 -0.639463
3692 0.617762
3693 -0.465808
3694 -0.435062
3695 0.124305
3696 -0.255651
3697 0.474113
3698 0.129796
3699 -1.25172
3700 -1.48758
3701 -0.250322
3702 0.493248
3703 -0.594792
3704 0.995421
3705 -0.0596631
3706 0.62272
3707 0.349533
3708 1.34431
3709 2.269
3710 1.05526
3711 -0.0493347
3712 -0.176504
3713 -1.20633
3714 0.384388
3715 -0.330572
3716 -0.137733
3717 1.29984
3718 -0.043024
3719 0.526429
3720 0.885979
3721 1.02593
3722 0.638279
3723 -0.358767
3724 -0.0233269
3725 -0.141479
3726 -0.649362
3727 0.442766
3728 -0.225726
3729 0.640241
3730 0.114222
3731 0.0162342
3732 0.0448252
3733 -0.377673
3734 -0.684764
3735 -0.401423
3736 -0.176752
3737 1.20931
3738 1.29139
3739 0.302167
3740 0.015872
3741 0.369599
3742 0.715773
3743 1.1042
3744 -0.0272567
3745 -0.0641878
3746 -0.134315
3747 0.313165
3748 -0.474367
3749 -0.093103
3750 0.880822
3751 -1.04242
3752 -0.64062
3753 -0.126841
3754 1.72054
3755 -0.245368
3756 0.932184
3757 -1.91922
3758 -0.0600292
3759 -0.30438
3760 -0.654434
3761 -0.0108231
3762 0.480806
3763 0.598651
3764 0.130661
3765 -1.37593
3766 -0.353004
3767 0.0822664
3768 -0.230977
3769 0.667252
3770 -0.10105
3771 -0.837419
3772 -1.0608
3773 -1.15413
3774 1.07637
3775 -0.662886
3776 0.17047
3777 -1.07544
3778 -3.51476
3779 -0.95696
3780 1.49272
3781 0.0421285
3782 0.72779
3783 -5.04262
3784 -0.152501
3785 -0.0509247
3786 1.24993
3787 0.482162
3788 0.225392
3789 -0.114968
3790 -0.537695
3791 -2.99995
3792 0.753849
3793 2.66842
3794 0.381074
3795 0.2832
3796 -1.48722
3797 1.05262
3798 1.6966
3799 0.243625
3800 -0.0272832
3801 -0.227849
3802 -1.9149
3803 1.22911
3804 -1.40047
3805 -1.20019
3806 -1.4659
3807 -2.2619
3808 -0.3151
3809 0.531335
3810 -1.04963
3811 0.914562
3812 -0.203901
3813 -0.980904
3814 -0.128718
3815 -1.86382
3816 -0.378385
3817 0.526536
3818 1.83268
3819 -0.0965238
3820 0.910276
3821 0.715664
3822 1.10822
3823 0.0584027
3824 -0.447449
3825 0.121057
3826 -0.639404
3827 0.149433
3828 -0.555638
3829 -2.26874
3830 -0.356866
3831 -2.03201
3832 -1.11613
3833 -0.132348
3834 0.323618
3835 0.0100347
3836 -2.41638
3837 0.231268
3838 -0.28598
3839 -0.543767
3840 0.299705
3841 0.291732
3842 0.374465
3843 0.356479
3844 -0.383162
3845 -0.476092
3846 0.313235
3847 -0.548239
3848 0.191507
3849 -1.07274
3850 -0.371865
3851 -1.32151
3852 -0.384328
3853 -0.0238478
3854 0.105533
3855 0.353728
3856 -0.161749
3857 -0.597656
3858 -0.867124
3859 -0.161254
3860 -1.81556
3861 -3.22922
3862 0.289169
3863 0.171332
3864 -0.245217
3865 -0.663187
3866 -0.117928
3867 -0.111185
3868 0.0839008
3869 -0.0184198
3870 -1.54183
3871 0.189985
3872 -0.121288
3873 0.927584
3874 -0.163902
3875 -0.0120062
3876 0.278055
3877 0.0889866
3878 0.416219
3879 -0.464112
3880 -0.944682
3881 0.269332
3882 0.35389
3883 -1.14954
3884 0.596411
3885 0.202947
3886 -0.411918
3887 -1.23121
3888 0.0257894
3889 2.40413
3890 0.511913
3891 -1.07133
3892 0.0308259
3893 -0.070538
3894 -0.820099
3895 0.0718633
3896 -1.80973
3897 -2.95756
3898 -1.48847
3899 0.203993
3900 0.0637568
3901 0.0348385
3902 0.688142
3903 1.36868
3904 -0.483591
3905 -0.902632
3906 0.78462
3907 -1.74197
3908 -1.01719
3909 0.640494
3910 0.401186
3911 -0.12949
3912 -0.166038
3913 -0.479968
3914 0.858944
3915 -0.253528
3916 -3.34047
3917 0.0215795
3918 0.668956
3919 -0.260571
3920 -0.757128
3921 -0.935062
3922 0.112448
3923 -0.398502
3924 -1.16499
3925 -0.181165
3926 0.608611
3927 1.0466
3928 -1.38319
3929 -0.722724
3930 -0.188565
3931 -0.115261
3932 0.213645
3933 -0.387215
3934 -1.21099
3935 -0.584598
3936 0.726184
3937 -1.2119
3938 -0.0351553
3939 -0.639801
3940 0.0721319
3941 -0.390766
3942 0.754034
3943 -0.382635
3944 -0.300375
3945 -0.608217
3946 -0.312508
3947 0.137805
3948 -0.122489
3949 0.784393
3950 0.0968473
3951 0.40722
3952 -0.142789
3953 0.206451
3954 0.734285
3955 -1.21079
3956 0.176578
3957 -0.648536
3958 -2.70759
3959 -0.227835
3960 -0.431646
3961 0.365448
3962 -0.25398
3963 1.98077
3964 -0.105873
3965 -0.0499499
3966 -0.904
3967 -0.0258158
3968 -0.31146
3969 1.10418
3970 1.44753
3971 -0.462634
3972 1.06341
3973 0.360151
3974 0.350375
3975 -0.389339
3976 0.107445
3977 -0.114984
3978 -0.428448
3979 1.64463
3980 0.118976
3981 0.144268
3982 -0.529788
3983 0.196729
3984 -0.217937
3985 -0.602713
3986 0.00988408
3987 0.242506
3988 6.71041
3989 -0.0501647
3990 0.093363
3991 -0.364393
3992 -1.11045
3993 -0.412603
3994 -0.0647898
3995 -0.470915
3996 1.22587
3997 0.621044
3998 0.529303
3999 -0.267034
4000 0.192293
4001 -1.26189
4002 0.102517
4003 -0.464158
4004 -0.232389
4005 1.35343
4006 -0.284747
4007 -0.420263
4008 -0.660599
4009 -0.226021
4010 0.98956
4011 -0.589378
4012 -0.41535
4013 -1.62371
4014 -0.275962
4015 0.171156
4016 0.459064
4017 -0.158525
4018 -0.157163
4019 0.488028
4020 0.401306
4021 -0.912418
4022 0.622762
4023 0.974661
4024 -0.368351
4025 -1.15344
4026 -0.698701
4027 0.178187
4028 0.374155
4029 -0.0483394
4030 -0.838468
4031 -0.33801
4032 -0.530315
4033 -0.274225
4034 0.347734
4035 -0.218729
4036 -0.22675
4037 -0.164878
4038 0.240901
4039 -1.75452
4040 0.410215
4041 1.2575
4042 -0.34254
4043 -0.103049
4044 0.112879
4045 0.501417
4046 0.514303
4047 0.35334
4048 -0.51096
4049 0.694565
4050 0.057398
4051 0.648452
4052 -0.646709
4053 -0.911669
4054 0.0335356
4055 -0.135445
4056 -0.584737
4057 -2.58928
4058 -0.00374718
4059 0.667532
4060 0.389724
4061 -0.204443
4062 -0.599628
4063 0.178348
4064 1.04553
4065 1.27005
4066 0.310977
4067 0.798888
4068 -0.80213
4069 -0.540706
4070 2.25655
4071 -0.375433
4072 0.695086
4073 0.518564
4074 0.639366
4075 -1.03587
4076 -0.140697
4077 0.735233
4078 0.692838
4079 -0.253783
4080 -0.28574
4081 0.294213
4082 1.54378
4083 0.0966625
4084 2.0631
4085 -3.50417
4086 0.960236
4087 1.06523
4088 -0.671195
4089 -0.158492
4090 0.266261
4091 -0.0807275
4092 -0.390653
4093 -0.0305077
4094 -1.18462
4095 1.92137
4096 0.896566
4097 -0.0989483
4098 -0.0381474
4099 0.877365
4100 0.944825
4101 -0.164749
4102 -0.107771
4103 0.547506
4104 -0.241566
4105 -0.0294839
4106 0.193524
4107 0.185026
4108 -0.376816
4109 -0.340622
4110 0.381446
4111 -0.40213
4112 0.825842
4113 -0.926897
4114 -0.363991
4115 -0.931503
4116 -0.417637
4117 -1.16247
4118 -0.987954
4119 0.14418
4120 -0.882829
4121 -1.8824
4122 -0.0479936
4123 2.00641
4124 0.25421
4125 -0.0420721
4126 0.380958
4127 0.29803
4128 0.164743
4129 -1.12644
4130 -0.138895
4131 0.898945
4132 1.66015
4133 0.011799
4134 0.703489
4135 -0.306198
4136 0.106245
4137 -0.367611
4138 0.222838
4139 -0.890679
4140 0.0962488
4141 -0.280008
4142 -0.569471
4143 -0.350433
4144 -0.35974
4145 0.129124
4146 -0.796399
4147 0.69244
4148 -0.105623
4149 1.12184
4150 0.279212
4151 0.344503
4152 -0.214391
4153 -0.602756
4154 0.868077
4155 -0.335054
4156 0.986087
4157 0.261481
4158 -0.476103
4159 0.204481
4160 -0.272062
4161 -0.465508
4162 0.954305
4163 0.389153
4164 -1.65031
4165 -0.309841
4166 -0.377278
4167 0.26311
4168 0.0398051
4169 -0.149815
4170 0.430955
4171 0.0728474
4172 -0.0579788
4173 -0.148366
4174 -0.398763
4175 -0.646197
4176 0.459666
4177 -0.3441
4178 0.0269073
4179 0.120023
4180 0.314814
4181 -0.0430441
4182 -0.529226
4183 -0.98767
4184 0.598977
4185 0.440755
4186 0.517814
4187 -1.08915
4188 0.133083
4189 -0.696326
4190 0.947067
4191 0.122577
4192 -0.493723
4193 0.833314
4194 0.753378
4195 0.159235
4196 -0.324011
4197 -1.31276
4198 0.273893
4199 0.917629
4200 -0.301995
4201 0.190611
4202 0.485207
4203 -0.086158
4204 0.600203
4205 0.150022
4206 -0.30361
4207 -1.03552
4208 0.444849
4209 0.684866
4210 0.554796
4211 -0.360085
4212 0.932677
4213 -0.57896
4214 0.833685
4215 0.617675
4216 -0.48556
4217 0.22657
4218 0.194477
4219 -0.256743
4220 0.463583
4221 -0.329816
4222 0.316937
4223 0.125151
4224 0.00431814
4225 0.219618
4226 -1.07026
4227 -0.606189
4228 -0.195852
4229 0.240658
4230 0.606956
4231 0.225718
4232 0.480183
4233 0.757892
4234 0.0801812
4235 0.81906
4236 0.640498
4237 0.106696
4238 0.0745424
4239 -0.340462
4240 -0.686258
4241 -0.341146
4242 0.493319
4243 0.560633
4244 -0.68722
4245 -1.45389
4246 -0.0303105
4247 -0.305434
4248 -0.171407
4249 -0.107971
4250 -0.00504681
4251 0.93342
4252 0.505372
4253 0.613274
4254 0.635866
4255 -1.27374
4256 0.302724
4257 0.309523
4258 -0.071958
4259 0.38691
4260 0.513083
4261 -0.122568
4262 -0.569833
4263 1.0815
4264 0.537703
4265 0.0499652
4266 0.129828
4267 1.01657
4268 -0.0296478
4269 -0.363255
4270 -0.260718
4271 -1.97607
4272 0.0583166
4273 0.0798117
4274 0.565153
4275 -0.563297
4276 0.814216
4277 -0.120279
4278 0.880927
4279 -0.962032
4280 0.070437
4281 -1.59551
4282 0.474141
4283 0.350229
4284 1.33456
4285 0.00863872
4286 -0.41153
4287 -1.50082
4288 0.681619
4289 0.0547263
4290 0.0723425
4291 0.423747
4292 1.15419
4293 -0.21297
4294 0.509318
4295 0.193836
4296 0.633469
4297 -0.140491
4298 -0.0278936
4299 0.16382
4300 -0.69699
4301 0.649668
4302 -0.12641
4303 -0.00340965
4304 0.0749716
4305 -1.09359
4306 0.702594
4307 -0.407664
4308 -0.126008
4309 0.577799
4310 -0.374496
4311 0.820499
4312 -1.01712
4313 0.0454476
4314 -0.460851
4315 0.644936
4316 -0.553412
4317 -0.115152
4318 -0.771189
4319 -2.41147
4320 -1.95854
4321 -0.183769
4322 -0.941773
4323 -0.248843
4324 -0.847692
4325 -0.135507
4326 0.52006
4327 -1.56965
4328 0.397459
4329 0.26425
4330 0.577582
4331 0.163963
4332 0.0582007
4333 -0.689992
4334 0.339865
4335 -0.204387
4336 0.519427
4337 -0.623457
4338 0.249635
4339 0.643171
4340 0.188712
4341 0.0328285
4342 -0.219488
4343 -0.863549
4344 -0.894427
4345 0.0312166
4346 -0.284261
4347 0.62909
4348 -0.372538
4349 -0.21051
4350 -0.688895
4351 -0.000843248
4352 -1.86891
4353 0.48798
4354 0.87955
4355 -0.931408
4356 -0.704433
4357 0.686726
4358 -0.166702
4359 0.0812329
4360 0.0104114
4361 -0.736061
4362 0.407935
4363 0.384071
4364 -1.55396
4365 -0.490417
4366 0.241445
4367 0.236794
4368 0.168641
4369 -0.120731
4370 0.209395
4371 0.606733
4372 0.202774
4373 0.310206
4374 0.166059
4375 3.64648
4376 -0.217894
4377 -0.310673
4378 0.742948
4379 -0.163883
4380 -0.930877
4381 0.0259986
4382