8: 
19990106 0.771727
19990107 3.29682
19990108 0.272316
19990111 -0.22984
19990112 -0.672704
19990113 -0.700048
19990114 -1.23462
19990115 3.41723
19990116 0.44464
19990118 -1.63574
19990119 -0.531422
19990120 -0.51471
19990121 0.340536
19990122 -1.63055
19990125 -3.14243
19990126 1.36627
19990127 0.379845
19990128 -1.22922
19990129 -1.30966
19990130 0.239302
19990201 -2.25946
19990202 -1.92997
19990203 -0.100533
19990204 -3.98634
19990205 -0.727124
19990206 4.29953
19990208 1.97542
19990209 -1.70445
19990210 1.29758
19990220 4.73146
19990222 3.97376
19990223 -2.10164
19990224 0.937239
19990225 0.587601
19990226 0.685045
19990301 -0.0992324
19990302 -0.771674
19990303 2.22877
19990304 -0.146801
19990305 -0.166575
19990306 0.605352
19990308 0.159303
19990309 0.9557
19990310 -0.105034
19990311 -0.76789
19990312 0.402843
19990315 2.09803
19990316 1.12014
19990317 1.27154
19990318 2.04142
19990319 1.4834
19990320 -0.055881
19990322 0.712818
19990323 -1.38786
19990324 -0.807144
19990325 0.754199
19990326 1.32351
19990329 -1.87068
19990330 -0.0437577
19990331 -0.245554
19990401 1.9902
19990402 3.04658
19990403 -0.695603
19990406 -0.253543
19990407 -0.392241
19990408 1.92716
19990409 -0.106002
19990412 -0.320689
19990413 1.31794
19990414 0.828578
19990415 1.34511
19990416 -0.418103
19990417 1.53586
19990419 0.549762
19990420 0.0598183
19990421 -2.01344
19990422 0.273475
19990423 1.57713
19990426 0.213982
19990427 -1.03499
19990428 -0.708862
19990429 -2.76111
19990430 1.11871
19990503 0.164015
19990504 2.77358
19990505 -0.209275
19990506 -0.159933
19990507 -1.19999
19990510 0.201357
19990511 -0.132542
19990512 -0.348387
19990513 -0.432441
19990514 2.37763
19990515 -0.20928
19990517 0.305144
19990518 -0.187506
19990519 0.383499
19990520 -0.0751217
19990521 -0.0287814
19990524 -0.242681
19990525 -2.25613
19990526 0.129433
19990527 0.570648
19990528 -1.09305
19990529 0.43764
19990531 -1.38995
19990601 1.10776
19990602 1.22215
19990603 1.13355
19990604 0.23148
19990605 0.643703
19990607 2.13881
19990608 1.14627
19990609 0.830955
19990610 0.490717
19990611 -0.217086
19990614 -0.0729356
19990615 -0.170313
19990616 1.24397
19990617 2.67204
19990621 1.68134
19990622 2.32282
19990623 -1.35429
19990624 1.14208
19990625 -3.76456
19990628 0.187398
19990629 2.81134
19990630 -0.550833
19990702 1.23674
19990703 -0.0996261
19990705 0.347984
19990706 -1.61589
19990707 0.184282
19990708 1.44461
19990709 -0.490666
19990712 -1.01013
19990713 -3.06479
19990714 -3.84959
19990715 0.372432
19990716 -6.39628
19990717 -0.611882
19990719 0.280471
19990720 5.68521
19990721 -0.25875
19990722 -1.38673
19990723 0.59711
19990726 -1.66755
19990727 -2.99827
19990728 1.58157
19990729 -1.67185
19990730 0.730222
19990731 -1.16496
19990802 -1.78538
19990803 -0.288357
19990804 -0.8974
19990805 -2.12451
19990806 -1.95712
19990807 3.3153
19990809 -0.308245
19990810 3.43754
19990811 -0.562891
19990812 1.40496
19990813 4.03547
19990816 5.14579
19990817 0.810129
19990818 -1.10993
19990819 -0.363286
19990820 1.91784
19990821 0.445337
19990823 -0.411965
19990824 -1.66983
19990825 1.78723
19990826 -0.36323
19990827 -0.538428
19990830 0.215914
19990831 1.07008
19990901 1.41706
19990902 -0.570262
19990903 -1.84996
19990904 -0.10974
19990906 0.808048
19990907 -2.26954
19990908 0.3466
19990909 0.648668
19990910 1.70018
19990913 0.211114
19990914 -1.0597
19990915 -1.49505
19990916 -0.0268489
19990917 -0.652286
19990918 1.26325
19990920 -0.558693
19990927 -2.66189
19990928 -2.34641
19990929 0.496184
19990930 -0.218768
19991001 1.26599
19991002 -0.460565
19991004 0.338534
19991005 -1.6716
19991006 -0.732828
19991007 1.47128
19991008 -0.775355
19991011 0.716669
19991012 3.00062
19991013 0.0200351
19991014 0.548303
19991015 -0.77184
19991016 0.131733
19991018 -1.07455
19991019 -0.675249
19991020 -0.342129
19991021 -0.153134
19991022 -1.24456
19991025 1.60379
19991026 0.252835
19991027 0.0120797
19991028 -0.25152
19991029 0.323097
19991030 1.92275
19991101 -0.50873
19991102 -1.19388
19991103 -1.83252
19991104 -1.46251
19991105 0.254776
19991106 -1.49166
19991108 0.337965
19991109 -0.524223
19991110 0.531329
19991111 1.76187
19991115 0.170064
19991116 0.810738
19991117 0.52036
19991118 0.945362
19991119 0.683462
19991120 1.66688
19991122 1.92359
19991123 -0.0760045
19991124 -1.54533
19991125 -0.21864
19991126 -3.91029
19991129 3.00786
19991130 -1.31686
19991201 0.587111
19991202 0.515819
19991203 1.62575
19991204 0.394802
19991206 -0.879281
19991207 -0.853892
19991208 -0.2048
19991209 -0.924081
19991210 -0.0655114
19991213 1.93747
19991214 -0.424548
19991215 0.124202
19991216 -1.5284
19991217 -0.213696
19991218 0.966564
19991220 -0.191465
19991221 1.94425
19991222 0.863345
19991223 1.00878
19991224 1.68195
19991227 2.37997
19991228 0.401298
20000104 3.64204
20000105 1.06572
20000106 0.815381
20000107 -0.858107
20000110 2.90691
20000111 -1.92878
20000112 2.43777
20000113 -0.409638
20000114 -0.921801
20000115 1.8633
20000117 1.34974
20000118 -0.700335
20000119 -1.06755
20000120 -0.158338
20000121 1.3023
20000124 1.41671
20000125 -0.1566
20000126 2.23625
20000127 0.490719
20000128 0.705471
20000129 -0.624222
20000131 1.12604
20000201 1.14419
20000209 1.54712
20000210 0.487468
20000211 0.705929
20000214 -1.55222
20000215 -0.137492
20000216 1.07203
20000217 1.36828
20000218 -1.03723
20000219 0.640526
20000221 -2.44443
20000222 -1.82333
20000223 -0.921399
20000224 -0.446885
20000225 -1.7364
20000229 0.0365778
20000301 2.68292
20000302 -1.49941
20000303 0.463231
20000304 -0.730708
20000306 -1.57659
20000307 0.129806
20000308 0.100425
20000309 2.10639
20000310 -1.64458
20000313 -6.55011
20000314 0.268157
20000315 -2.21321
20000316 0.494553
20000317 0.927237
20000320 -2.59286
20000321 5.48767
20000322 0.720854
20000323 5.12141
20000324 -0.537352
20000327 3.42658
20000328 0.499913
20000329 -0.516498
20000330 1.28752
20000331 -0.775178
20000401 1.98357
20000405 1.35059
20000406 -2.12926
20000407 -0.483987
20000408 0.136478
20000410 1.94181
20000411 -0.586826
20000412 -1.55601
20000413 -2.51014
20000414 -2.98045
20000415 -5.41687
20000417 1.43095
20000418 3.48412
20000419 -2.17717
20000420 0.0510678
20000421 0.125487
20000424 -3.42516
20000425 1.28326
20000426 -4.3174
20000427 0.0701765
20000428 3.30616
20000429 -0.532738
20000502 -1.57906
20000503 -2.5322
20000504 0.0638941
20000505 3.24199
20000506 -0.475947
20000508 -0.473023
20000509 0.228177
20000510 -0.879703
20000511 -2.45284
20000512 2.52135
20000515 -1.11467
20000516 3.10455
20000517 4.10091
20000518 0.0161762
20000519 0.358301
20000520 -3.2832
20000522 -0.144884
20000523 -1.55049
20000524 -1.96747
20000525 -0.73303
20000526 1.43824
20000529 0.336353
20000530 2.05129
20000531 1.99785
20000601 -1.08384
20000602 0.461631
20000603 0.587491
20000605 0.252588
20000607 1.75548
20000608 -0.522078
20000609 -0.344289
20000612 -0.89878
20000613 -0.718564
20000614 0.496459
20000615 -1.01017
20000616 -0.144934
20000617 -0.694628
20000619 -0.224611
20000620 -0.69065
20000621 -0.610547
20000622 1.55332
20000623 -0.989992
20000626 -1.78896
20000627 -1.23558
20000628 -0.694906
20000629 -2.92554
20000630 1.77566
20000703 0.395394
20000704 -2.95537
20000705 4.58489
20000706 -1.57153
20000707 -1.40311
20000710 -0.225254
20000711 0.0485607
20000712 -1.21197
20000713 2.57961
20000714 2.77551
20000715 0.247142
20000717 0.791132
20000718 -2.52447
20000719 0.515005
20000720 -2.28664
20000721 -0.634588
20000724 -1.2632
20000725 -2.03132
20000726 0.774011
20000727 -0.0660708
20000728 2.08427
20000729 0.268653
20000731 -0.356219
20000801 -1.60531
20000802 -0.849127
20000803 -0.908441
20000804 1.02321
20000805 -1.05701
20000807 -1.59971
20000808 1.06
20000809 3.21066
20000810 -0.291374
20000811 -0.623576
20000814 -1.57725
20000815 -0.0405176
20000816 2.0118
20000817 1.74573
20000818 0.412241
20000819 0.394414
20000821 0.594581
20000822 -1.69329
20000824 -0.236633
20000825 -0.895437
20000828 -2.24822
20000829 -0.361717
20000830 -3.49895
20000831 0.967927
20000901 -2.58528
20000902 3.87503
20000904 1.23813
20000905 -0.222989
20000906 -2.24568
20000907 -2.36309
20000908 -0.846999
20000911 -0.445034
20000913 0.769713
20000914 -3.23838
20000915 0.0441838
20000916 -1.42773
20000918 -2.02955
20000919 -2.53599
20000920 2.15578
20000921 0.593162
20000922 -4.46199
20000925 0.988645
20000926 1.07181
20000927 -0.47399
20000928 -2.26543
20000929 -2.01847
20000930 -3.84338
20001002 -2.60415
20001003 1.98155
20001004 -2.36871
20001005 0.529016
20001006 5.37378
20001007 -0.025814
20001009 -2.24511
20001011 -2.71958
20001012 -3.89931
20001013 1.22481
20001016 -4.17214
20001017 1.26816
20001018 -4.73716
20001019 -6.46052
20001020 6.36651
20001021 3.60719
20001023 1.45025
20001024 4.1838
20001025 1.77659
20001026 -1.3601
20001027 -2.3003
20001030 -2.51655
20001031 -2.03036
20001101 -2.14928
20001102 3.70616
20001103 3.02164
20001104 -2.04932
20001106 -0.349107
20001107 3.89378
20001108 3.23541
20001109 0.356132
20001110 -0.0132944
20001113 -4.84863
20001114 -0.362651
20001115 -0.614806
20001116 -4.93096
20001117 -1.88426
20001118 -3.43856
20001120 -6.23415
20001121 5.32051
20001122 0.541052
20001123 0.317897
20001124 5.30551
20001127 0.25442
20001128 -1.31621
20001129 -0.798167
20001130 -1.17549
20001201 1.61938
20001202 -1.21133
20001204 -1.95799
20001205 0.486666
20001206 -0.549701
20001207 0.814406
20001208 0.769272
20001211 0.601201
20001212 1.8106
20001213 0.0793671
20001214 -1.19234
20001215 -1.79355
20001216 -1.73483
20001218 -1.53678
20001219 -0.295739
20001220 -1.83245
20001221 -2.64092
20001222 -0.124553
20001226 -1.86772
20001227 -2.26058
20001228 3.95504
20001229 -1.109
20001230 -0.102238
20010102 4.13982
20010103 -0.820414
20010104 4.93055
20010105 3.1035
20010108 -2.02095
20010109 3.61588
20010110 1.12832
20010111 -1.24227
20010112 -0.555765
20010115 0.754022
20010116 5.26576
20010117 1.88966
20010118 1.35114
20010129 -2.87026
20010130 1.97956
20010131 2.4808
20010201 -0.644689
20010202 2.56581
20010205 -1.93147
20010206 -1.40516
20010207 -2.6582
20010208 1.14199
20010209 0.889795
20010212 0.640809
20010213 3.08566
20010214 -2.31954
20010215 3.67819
20010216 -0.959502
20010219 -1.79252
20010220 0.572486
20010221 -0.357211
20010222 -3.20876
20010223 -0.557556
20010226 -0.190506
20010227 -0.723057
20010301 -3.08087
20010302 -0.00581513
20010305 2.00381
20010306 0.451355
20010307 2.52118
20010308 -1.14434
20010309 -0.535628
20010312 -1.721
20010313 0.496715
20010314 0.852168
20010315 1.49394
20010316 0.717252
20010319 -2.45577
20010320 0.0143579
20010321 -0.341685
20010322 1.91219
20010323 1.21445
20010326 1.65105
20010327 -0.203343
20010328 -1.10361
20010329 0.248991
20010330 -0.616399
20010402 -3.28031
20010403 -2.86943
20010404 -0.752177
20010406 2.02151
20010409 -2.05435
20010410 -0.894698
20010411 2.13412
20010412 1.19739
20010413 -0.682243
20010416 -1.14986
20010417 -0.00606725
20010418 1.41127
20010419 1.81335
20010420 -0.211645
20010423 0.0191242
20010424 -0.149353
20010425 -1.30856
20010426 0.045861
20010427 -1.84934
20010430 -0.646153
20010502 -1.43877
20010503 1.90979
20010504 -2.98749
20010507 -0.26925
20010508 -1.01761
20010509 1.08042
20010510 -2.11118
20010511 2.15827
20010514 -1.07535
20010515 -0.341163
20010516 -1.48814
20010517 1.20857
20010518 -0.61768
20010521 -2.99433
20010522 0.66289
20010523 4.37726
20010524 0.322839
20010525 -1.08499
20010528 -1.74775
20010529 0.305914
20010530 -0.749519
20010531 -0.162346
20010601 -0.691243
20010604 -0.575395
20010605 1.60378
20010606 3.06768
20010607 -1.28514
20010608 1.41519
20010611 0.861416
20010612 -0.0959834
20010613 -1.07345
20010614 -1.73753
20010615 0.770433
20010618 -1.70801
20010619 -0.602306
20010620 -0.205156
20010621 -0.88993
20010622 -1.61569
20010626 -2.4309
20010627 0.839261
20010628 -1.17568
20010629 2.40913
20010702 0.0702311
20010703 -0.88073
20010704 -2.16068
20010705 -0.632179
20010706 -0.0465138
20010709 -1.05608
20010710 -0.871532
20010711 -1.48201
20010712 1.87433
20010713 -3.19108
20010716 -2.60808
20010717 0.0755442
20010718 -3.47897
20010719 -0.689837
20010720 0.705126
20010723 -1.62072
20010724 -2.67731
20010725 2.36638
20010726 3.96529
20010727 0.46925
20010731 0.749669
20010801 0.035379
20010802 3.11561
20010803 0.901749
20010806 -1.32321
20010807 -1.4926
20010808 2.5
20010809 -1.45278
20010810 0.638193
20010813 0.979461
20010814 1.52276
20010815 0.730124
20010816 1.38911
20010817 -1.04474
20010820 -1.89722
20010821 0.271849
20010822 -1.64835
20010823 -0.61861
20010824 -3.35085
20010827 1.72215
20010828 -0.368793
20010829 3.21195
20010830 -0.107128
20010831 0.123895
20010903 -1.21234
20010904 0.870073
20010905 -1.52708
20010906 -1.95824
20010907 -0.832122
20010910 -0.30357
20010911 -2.61523
20010913 -5.37333
20010914 -4.5002
20010919 0.173522
20010920 -2.17736
20010921 -2.89253
20010924 -1.62424
20010925 -1.12438
20010926 3.77099
20010927 -1.59701
20010928 1.94275
20011002 -3.98191
20011003 -1.31325
20011004 1.3754
20011005 2.62762
20011008 -1.81594
20011009 2.80028
20011011 4.72515
20011012 0.305284
20011015 -2.33276
20011016 2.20964
20011017 0.58684
20011018 -0.155351
20011019 0.903132
20011022 1.4302
20011023 -0.671693
20011024 2.89721
20011025 0.640385
20011026 0.781868
20011029 0.532451
20011030 -3.6774
20011031 -0.309533
20011101 0.671193
20011102 1.75052
20011105 2.05153
20011106 0.0590591
20011107 1.84255
20011108 -0.556019
20011109 -0.272066
20011112 1.1846
20011113 -0.864918
20011114 3.41252
20011115 2.94293
20011116 0.977164
20011119 2.2941
20011120 -2.04084
20011121 1.74088
20011122 -1.83859
20011123 1.5519
20011126 1.97473
20011127 -0.607374
20011128 -2.89826
20011129 0.410336
20011130 -0.553312
20011203 4.62698
20011204 2.57866
20011205 3.31757
20011206 5.7731
20011207 2.40111
20011210 -0.237168
20011211 -0.889064
20011212 5.03112
20011213 -2.37882
20011214 1.46444
20011217 -0.557346
20011218 -2.32691
20011219 -2.01213
20011220 1.66872
20011221 -3.76448
20011224 1.08607
20011225 4.02887
20011226 0.365174
20011227 -1.10248
20011228 1.22445
20011231 2.8335
20020102 0.879255
20020103 -1.3166
20020104 2.03046
20020107 3.48247
20020108 -0.425202
20020109 0.954547
20020110 0.0978554
20020111 -3.12862
20020114 -1.3315
20020115 -0.3407
20020116 -1.86689
20020117 0.233219
20020118 0.393918
20020121 4.98389
20020122 0.10435
20020123 -0.591312
20020124 0.557043
20020125 2.56329
20020128 0.95267
20020129 -2.68239
20020130 -0.573365
20020131 1.02311
20020201 -0.241989
20020204 -0.137934
20020205 -0.0957306
20020206 1.40018
20020218 0.717671
20020219 -1.79187
20020220 -2.89133
20020221 -0.633853
20020222 -0.818055
20020225 -1.7669
20020226 -0.198158
20020227 3.56959
20020301 -0.269132
20020304 3.40975
20020305 1.41749
20020306 2.34686
20020307 -0.810486
20020308 -0.60349
20020311 3.07087
20020312 -1.18975
20020313 -0.558595
20020314 -0.293017
20020315 -1.96112
20020318 0.347137
20020319 -1.09475
20020320 2.57892
20020321 -0.206963
20020322 1.55296
20020325 1.28249
20020326 0.377385
20020327 -1.52003
20020328 1.01126
20020329 -0.683579
20020401 0.307577
20020402 0.921694
20020403 0.820061
20020404 -1.39118
20020408 -0.261955
20020409 -1.95418
20020410 -0.175295
20020411 0.240127
20020412 1.79181
20020415 0.216902
20020416 0.996288
20020417 2.12458
20020418 -0.0543012
20020419 0.953627
20020422 0.219904
20020423 -1.1092
20020424 1.01352
20020425 -1.546
20020426 -0.76562
20020429 -1.61474
20020430 -2.2459
20020502 -3.26259
20020503 0.724113
20020506 -4.53173
20020507 0.381038
20020508 0.839512
20020509 0.485859
20020510 1.18517
20020513 -1.11308
20020514 0.230899
20020515 2.68888
20020516 -1.84783
20020517 -0.200473
20020520 -3.71564
20020521 -2.3594
20020522 1.80887
20020523 0.150133
20020524 2.81876
20020527 0.411818
20020528 -1.0536
20020529 -0.816643
20020530 2.00881
20020531 -1.05541
20020603 -1.84243
20020604 -0.776874
20020605 1.29564
20020606 -0.150014
20020607 -2.82596
20020610 1.2205
20020611 -1.70767
20020612 -0.101009
20020613 3.00502
20020614 -0.00197517
20020617 -0.437065
20020618 -0.0251026
20020619 -2.47308
20020620 0.856932
20020621 0.271032
20020624 -1.38521
20020625 -1.27858
20020626 -3.63052
20020627 -1.00097
20020628 1.61581
20020701 -3.57781
20020702 0.518386
20020703 1.05583
20020704 1.64388
20020705 2.42516
20020708 2.33348
20020709 0.198223
20020710 -2.34777
20020711 -1.12922
20020712 4.11161
20020715 -0.433679
20020716 -1.39069
20020717 -1.26344
20020718 -0.165878
20020719 -1.52973
20020722 -2.29411
20020723 2.29464
20020724 -2.32108
20020725 0.110921
20020726 -3.7607
20020729 0.0638492
20020730 3.01743
20020731 -1.2919
20020801 -0.481543
20020802 0.087465
20020805 -5.77579
20020806 -1.3872
20020807 3.24516
20020808 -0.434255
20020809 3.21708
20020812 0.0129834
20020813 -0.70361
20020814 1.44253
20020815 0.901088
20020816 -0.252464
20020819 -0.630614
20020820 0.639521
20020821 -0.639725
20020822 1.40555
20020823 0.249367
20020826 -0.662732
20020827 -1.15621
20020828 -1.82871
20020829 0.229663
20020830 -0.743443
20020902 -2.52595
20020903 -1.2169
20020904 -1.17501
20020905 -1.64926
20020909 1.65718
20020910 2.97224
20020911 -0.160239
20020912 -0.282364
20020913 -1.44598
20020916 -2.6857
20020917 3.9644
20020918 -3.26315
20020919 0.193193
20020920 -1.38178
20020923 -2.27691
20020924 -0.957859
20020925 -2.35575
20020926 0.86647
20020927 -0.317852
20020930 -0.403672
20021001 -0.69278
20021002 0.215956
20021003 -2.29591
20021004 -0.200932
20021007 -3.53386
20021008 1.02547
20021009 -0.420503
20021011 -2.47162
20021014 1.58284
20021015 5.63772
20021016 2.22317
20021017 1.36126
20021018 4.14314
20021021 0.120007
20021022 -1.72644
20021023 4.63745
20021024 -0.328551
20021025 -0.234759
20021028 0.817475
20021029 -1.02666
20021030 -1.21648
20021031 1.7874
20021101 -1.71627
20021104 1.84712
20021105 -0.383536
20021106 3.48743
20021107 0.690747
20021108 1.11454
20021111 -3.04219
20021112 0.253402
20021113 -0.100507
20021114 -0.132925
20021115 3.17153
20021118 -0.476156
20021119 -1.33824
20021120 -1.54448
20021121 -1.59127
20021122 2.79858
20021125 0.330322
20021126 -0.958469
20021127 -0.958987
20021128 -0.440957
20021129 0.739059
20021202 0.785295
20021203 2.36485
20021204 -1.38592
20021205 0.59037
20021206 -0.34529
20021209 1.78709
20021210 -1.4234
20021211 -1.16928
20021212 -0.632206
20021213 -1.74658
20021216 -0.132741
20021217 -0.795052
20021218 -0.213171
20021219 0.29321
20021220 1.02083
20021223 -0.498293
20021224 -0.618225
20021225 -1.32181
20021226 1.84951
20021227 -0.43899
20021230 -1.96973
20021231 -0.11889
20030102 1.62652
20030103 2.24205
20030106 1.37345
20030107 0.239244
20030108 2.88976
20030109 -0.479647
20030110 0.770085
20030113 2.8956
20030114 0.0232438
20030115 0.506373
20030116 -1.48295
20030117 -0.718353
20030120 0.881254
20030121 -0.104214
20030122 0.958373
20030123 1.7129
20030124 -0.422934
20030127 -1.67539
20030128 0.856099
20030206 -3.62062
20030207 -2.03183
20030210 -1.93227
20030211 -0.535978
20030212 0.12752
20030213 -2.52786
20030214 -0.30989
20030217 4.69716
20030218 -2.12047
20030219 -1.18298
20030220 -0.00285405
20030221 -0.0516426
20030224 1.33785
20030225 -3.35959
20030226 0.0525294
20030227 -0.543677
20030303 2.12591
20030304 -0.596462
20030305 -1.81302
20030306 -0.467845
20030307 -1.06539
20030310 -0.703344
20030311 -1.37824
20030312 1.58903
20030313 1.17464
20030314 2.21923
20030317 -2.6402
20030318 4.17004
20030319 -0.542994
20030320 1.86443
20030321 -0.268089
20030324 -0.354045
20030325 -1.57198
20030326 -0.0617999
20030327 0.404587
20030328 -0.824734
20030331 -3.47977
20030401 0.379283
20030402 -0.600557
20030403 1.08615
20030404 3.23032
20030407 1.70364
20030408 -0.510943
20030409 -0.330812
20030410 0.0874892
20030411 -0.241337
20030414 -1.55814
20030415 0.622892
20030416 2.71259
20030417 -0.925509
20030418 2.00671
20030421 -0.218528
20030422 -1.97973
20030423 0.193808
20030424 -4.16195
20030425 -3.23204
20030428 -2.22131
20030429 1.46926
20030430 -1.24395
20030502 0.958277
20030505 0.341473
20030506 0.43621
20030507 1.31408
20030508 -1.97993
20030509 1.26287
20030512 0.396775
20030513 1.72658
20030514 0.150193
20030515 -0.227128
20030516 -1.096
20030519 -0.652935
20030520 -0.0989229
20030521 -0.822039
20030522 1.29628
20030523 1.8313
20030526 2.66811
20030527 -0.32381
20030528 0.523472
20030529 1.53383
20030530 0.283067
20030602 3.00797
20030603 -0.316643
20030605 1.28813
20030606 0.0445378
20030609 1.8245
20030610 0.108977
20030611 -0.57014
20030612 1.5356
20030613 0.0711238
20030616 0.21426
20030617 1.65217
20030618 0.520388
20030619 0.996992
20030620 -0.917625
20030623 -1.61636
20030624 -0.252151
20030625 0.498644
20030626 -0.806282
20030627 -0.329175
20030630 -0.117879
20030701 2.98903
20030702 1.54372
20030703 0.00137038
20030704 1.10965
20030707 3.30774
20030708 0.858854
20030709 -0.16878
20030710 -1.42809
20030711 -0.803046
20030714 2.09887
20030715 -0.263182
20030716 1.462
20030717 -2.11236
20030718 -0.228887
20030721 -1.2876
20030722 0.799149
20030723 0.510936
20030724 2.17213
20030725 -0.148073
20030728 1.05751
20030729 -2.00557
20030730 -0.660366
20030731 0.210275
20030801 1.357
20030804 -0.247098
20030805 -2.18961
20030806 -0.639233
20030807 0.636066
20030808 -0.504272
20030811 -0.343039
20030812 0.779353
20030813 3.55892
20030814 -0.101429
20030815 0.956274
20030818 0.511221
20030819 -0.0841004
20030820 0.570551
20030821 1.23115
20030822 0.619407
20030825 0.712461
20030826 -2.26136
20030827 -0.0867148
20030828 -0.54579
20030829 2.31228
20030901 0.724849
20030902 0.424474
20030903 -0.748257
20030904 -0.838159
20030905 0.238194
20030908 1.5602
20030909 -0.808796
20030910 -1.00797
20030912 0.388546
20030915 -0.390761
20030916 1.35224
20030917 0.840116
20030918 0.0638565
20030919 0.123463
20030922 -1.42691
20030923 0.145527
20030924 0.674701
20030925 -0.59643
20030926 -0.670158
20030929 -0.116986
20030930 -0.568616
20031001 -0.53017
20031002 2.11764
20031003 0.840901
20031006 1.79913
20031007 0.0936557
20031008 -0.595566
20031009 0.825863
20031013 1.74774
20031014 -0.570121
20031015 -0.236427
20031016 1.8797
20031017 0.115474
20031020 0.582192
20031021 -0.270327
20031022 -0.323356
20031023 -1.48348
20031024 -0.572724
20031027 0.68281
20031028 1.96189
20031029 0.336105
20031030 0.201116
20031031 -1.03157
20031103 0.700236
20031104 0.353843
20031105 0.545583
20031106 -2.09888
20031107 0.722223
20031110 0.0363178
20031111 -0.609829
20031112 -0.653098
20031113 0.880698
20031114 0.154588
20031117 -1.52942
20031118 -0.215876
20031119 -1.24524
20031120 -0.533109
20031121 -0.071649
20031124 -0.145453
20031125 0.680229
20031126 -0.00973034
20031127 -2.04825
20031128 0.543503
20031201 1.70485
20031202 0.703221
20031203 -0.447944
20031204 0.603057
20031205 -0.344739
20031208 -0.896601
20031209 0.212243
20031210 -0.958095
20031211 1.09642
20031212 -0.148797
20031215 1.12524
20031216 -0.624726
20031217 -2.29684
20031218 0.291203
20031219 -0.165196
20031222 1.31754
20031223 0.17823
20031224 0.21145
20031225 -0.0711849
20031226 0.0599581
20031229 -0.893255
20031230 1.06565
20031231 0.408061
20040102 2.56116
20040105 1.38805
20040106 0.303487
20040107 -0.044918
20040108 0.454629
20040109 0.93708
20040112 -0.11675
20040113 -0.152575
20040114 1.04264
20040115 -0.168927
20040116 0.0852415
20040127 1.83294
20040128 0.0253753
20040129 -1.15248
20040130 0.993719
20040202 -0.86928
20040203 -1.07168
20040204 -0.173376
20040205 0.42859
20040206 1.35941
20040209 1.72727
20040210 0.39068
20040211 -0.523242
20040212 -0.270203
20040213 1.74353
20040216 0.247206
20040217 0.534625
20040218 0.0815076
20040219 1.1455
20040220 -0.239167
20040223 0.00525235
20040224 -1.15004
20040225 0.835451
20040226 0.737028
20040227 0.855938
20040301 2.04265
20040302 1.26051
20040303 -0.617753
20040304 1.47039
20040305 -1.28545
20040308 -0.60775
20040309 1.04934
20040310 -1.41943
20040311 0.0610874
20040312 -1.14651
20040315 -2.41551
20040316 -0.697105
20040317 -0.17816
20040318 3.17802
20040319 0.413437
20040322 -6.67885
20040323 -2.94076
20040324 0.658847
20040325 -0.914614
20040326 -0.391602
20040329 5.56842
20040330 0.318192
20040331 0.423113
20040401 0.0199364
20040402 0.338006
20040405 2.09593
20040406 -0.706148
20040407 0.168791
20040408 0.392969
20040409 -0.786769
20040412 2.37782
20040413 0.244185
20040414 1.26356
20040415 -2.0841
20040416 1.20844
20040419 -0.572292
20040420 0.306675
20040421 0.151174
20040422 -1.14768
20040423 0.23782
20040426 -0.554229
20040427 -0.952216
20040428 -1.08398
20040429 -2.62428
20040430 -4.44221
20040503 -1.43908
20040504 2.62663
20040505 -5.39612
20040506 0.949058
20040507 2.20769
20040510 -3.56293
20040511 1.05252
20040512 1.23047
20040513 -0.683028
20040514 -2.37864
20040517 -5.09509
20040518 1.36277
20040519 5.45011
20040520 -0.772108
20040521 2.57268
20040524 -0.383237
20040525 0.274311
20040526 1.15619
20040527 0.0958939
20040528 1.72732
20040531 -2.59757
20040601 0.139856
20040602 -1.84642
20040603 -3.47568
20040604 0.942262
20040607 3.68443
20040608 0.858179
20040609 -0.351769
20040610 -1.64592
20040611 -2.25717
20040614 -2.80711
20040615 1.29905
20040616 -1.52892
20040617 1.87387
20040618 -1.67822
20040621 -0.228934
20040623 3.10912
20040624 0.869042
20040625 0.405946
20040628 -1.59775
20040629 0.554835
20040630 1.70547
20040701 -0.0433224
20040702 -1.54551
20040705 -1.51253
20040706 1.30376
20040707 -0.100985
20040708 -0.251226
20040709 1.12595
20040712 -0.328503
20040713 -1.2706
20040714 -1.08907
20040715 -1.43768
20040716 -0.733558
20040719 -0.236999
20040720 -2.97717
20040721 1.56693
20040722 -0.391374
20040723 -0.261878
20040726 -0.78417
20040727 1.25476
20040728 -0.278591
20040729 -0.629873
20040730 1.3255
20040802 -1.29451
20040803 0.314375
20040804 -0.938104
20040805 2.0828
20040806 -0.524166
20040809 0.00537193
20040810 -0.105941
20040811 -0.489274
20040812 0.0126725
20040813 0.408161
20040816 -0.703542
20040817 -0.177868
20040818 1.59588
20040819 3.2286
20040820 0.354625
20040823 0.677775
20040826 2.69247
20040827 -0.269725
20040830 -0.151267
20040831 -0.404217
20040901 1.6061
20040902 -0.0903024
20040903 -1.56693
20040906 0.257763
20040907 1.22645
20040908 -0.0138547
20040909 -0.0528538
20040910 0.0557899
20040913 1.40314
20040914 -0.142542
20040915 -0.82267
20040916 0.340312
20040917 -1.23339
20040920 0.793173
20040921 1.44461
20040922 0.351647
20040923 -0.551578
20040924 -0.758601
20040927 -0.729603
20040929 -0.674794
20040930 0.618614
20041001 1.70485
20041004 2.23048
20041005 0.0501781
20041006 -0.335469
20041007 0.699437
20041008 -0.0137612
20041011 -0.211079
20041012 -1.80185
20041013 -0.275777
20041014 -2.21362
20041015 -0.175782
20041018 -0.836647
20041019 0.617969
20041020 -0.334898
20041021 0.153764
20041022 -0.389329
20041026 -1.93587
20041027 -0.210311
20041028 0.789065
20041029 0.182074
20041101 -0.87208
20041102 1.8288
20041103 1.79249
20041104 -0.0361619
20041105 1.20429
20041108 0.103685
20041109 0.130363
20041110 0.0553394
20041111 -1.24351
20041112 0.725849
20041115 -0.176947
20041116 0.0704313
20041117 1.99345
20041118 0.345184
20041119 -0.379213
20041122 -3.12168
20041123 0.217185
20041124 1.02904
20041125 -0.948518
20041126 -1.30806
20041129 0.114384
20041130 1.02848
20041201 -0.789419
20041202 1.19563
20041203 0.431494
20041206 0.439483
20041207 0.103222
20041208 -0.553054
20041209 0.364199
20041210 -0.0395729
20041213 -0.553819
20041214 0.523224
20041215 1.57252
20041216 0.277379
20041217 -0.164642
20041220 -0.38906
20041221 0.0319107
20041222 0.228294
20041223 -0.064152
20041224 0.362641
20041227 -0.556199
20041228 0.244404
20041229 1.4652
20041230 0.203164
20041231 0.636469
20050103 0.0558689
20050104 -1.34557
20050105 -1.18951
20050106 -0.104369
20050107 -0.771129
20050110 0.115564
20050111 0.552093
20050112 -1.61622
20050113 -0.42762
20050114 0.607797
20050117 0.946597
20050118 -0.196798
20050119 -0.644127
20050120 -0.122978
20050121 -0.665579
20050124 -1.32384
20050125 0.195271
20050126 0.90995
20050127 0.126635
20050128 0.636179
20050131 1.9439
20050201 -0.211703
20050202 0.621076
20050203 0.264346
20050214 1.28923
20050215 0.163442
20050216 0.344638
20050217 -1.16107
20050218 0.712597
20050221 0.447223
20050222 -0.579703
20050223 0.234971
20050224 0.111407
20050225 1.29709
20050301 0.835394
20050302 -0.550186
20050303 -0.367377
20050304 -0.141232
20050307 0.434316
20050308 -0.75846
20050309 0.646975
20050310 -0.333962
20050311 0.18894
20050314 -0.785274
20050315 -1.49508
20050316 0.146449
20050317 -0.656905
20050318 0.190303
20050321 0.248344
20050322 -0.662984
20050323 0.0116335
20050324 -0.307173
20050325 1.08166
20050328 -0.283056
20050329 -1.44658
20050330 -0.0546909
20050331 0.803962
20050401 0.380795
20050404 -0.146296
20050406 -0.106977
20050407 -0.693948
20050408 0.875957
20050411 -0.741192
20050412 0.242
20050413 0.0699035
20050414 -0.356779
20050415 -1.47758
20050418 -2.94156
20050419 0.580735
20050420 -0.962717
20050421 0.509054
20050422 0.438652
20050425 0.195233
20050426 0.815169
20050427 -0.464751
20050428 1.1076
20050429 -0.414226
20050503 0.00258489
20050504 -0.249905
20050505 2.13347
20050506 0.682581
20050509 -0.018597
20050510 -0.28575
20050511 -0.549093
20050512 0.295248
20050513 0.789942
20050516 -0.929537
20050517 -0.537812
20050518 -0.0539478
20050519 1.356
20050520 -0.26831
20050523 -1.16278
20050524 0.401837
20050525 -0.348112
20050526 0.864225
20050527 0.877693
20050530 0.299926
20050531 0.0339468
20050601 -0.664386
20050602 1.13637
20050603 1.13371
20050606 0.484936
20050607 -0.517791
20050608 0.915035
20050609 -0.255454
20050610 0.755463
20050613 0.62496
20050614 -0.405871
20050615 0.746731
20050616 0.484798
20050617 0.177478
20050620 0.0529125
20050621 -0.292687
20050622 1.26417
20050623 0.252127
20050624 -0.520406
20050627 -0.594568
20050628 0.219731
20050629 -1.34862
20050630 0.165125
20050701 0.483827
20050704 -0.014986
20050705 -0.624444
20050706 -0.160304
20050707 -0.151875
20050708 -0.180282
20050711 1.57158
20050712 0.951763
20050713 0.287472
20050714 0.647008
20050715 -0.120907
20050719 0.0896953
20050720 0.116425
20050721 -0.463592
20050722 -0.208003
20050725 0.622503
20050726 -0.84558
20050727 -0.611203
20050728 0.764789
20050729 -0.99849
20050801 -0.0641606
20050802 0.564525
20050803 1.76605
20050804 -0.14809
20050808 -1.02358
20050809 -0.00046685
20050810 -0.363012
20050811 -0.0492365
20050812 -0.0442271
20050815 -1.66543
20050816 -0.0437138
20050817 -0.00768904
20050818 -0.590044
20050819 -0.743743
20050822 0.774646
20050823 -0.184797
20050824 -1.09666
20050825 -0.286917
20050826 0.440117
20050829 -1.41953
20050830 -0.286305
20050831 0.0223818
20050902 1.36869
20050905 -0.282372
20050906 0.678174
20050907 0.0162863
20050908 0.142315
20050909 -0.501145
20050912 0.750441
20050913 0.0665063
20050914 -0.330355
20050915 -1.07568
20050916 -0.843721
20050919 0.072118
20050920 1.15582
20050921 -0.622573
20050922 -1.57037
20050923 -0.778961
20050926 0.0786453
20050927 0.250407
20050928 -0.229938
20050929 1.32533
20050930 1.80732
20051003 0.0867854
20051004 0.297198
20051005 -0.115764
20051006 -0.638951
20051007 -0.229177
20051011 -0.250746
20051012 -1.30535
20051013 -0.455791
20051014 0.150332
20051017 -2.39233
20051018 0.07758
20051019 -2.34325
20051020 0.945527
20051021 -0.160756
20051024 -0.374297
20051025 0.0704928
20051026 -0.35988
20051027 -0.693597
20051028 -0.498305
20051031 2.33144
20051101 0.591752
20051102 1.24103
20051103 -0.210555
20051104 0.917214
20051107 -0.868612
20051108 -0.18361
20051109 2.07586
20051110 0.289899
20051111 1.45097
20051114 0.137613
20051115 -0.869217
20051116 0.256353
20051117 -0.417787
20051118 1.42503
20051121 -0.0543713
20051122 -0.724675
20051123 1.06169
20051124 -0.189922
20051125 0.266858
20051128 1.23429
20051129 -1.03694
20051130 1.04178
20051201 -0.381245
20051202 0.795013
20051205 1.91621
20051206 0.0348118
20051207 -0.330682
20051208 -1.26913
20051209 0.24275
20051212 0.030812
20051213 -0.0815453
20051214 -0.412543
20051215 0.370791
20051216 1.47352
20051219 1.2712
20051220 -0.0556654
20051221 0.685305
20051222 -0.845038
20051223 1.48709
20051226 0.339957
20051227 -0.0486655
20051228 -0.110079
20051229 0.783672
20051230 -0.413502
20060102 -1.31758
20060103 2.00725
20060104 0.374253
20060105 1.41209
20060106 -0.224301
20060109 0.710554
20060110 -0.518959
20060111 0.424758
20060112 -0.152619
20060113 -0.64321
20060116 0.625979
20060117 -0.195416
20060118 -3.16076
20060119 0.205728
20060120 -0.394027
20060123 -1.61347
20060124 1.09637
20060125 1.24366
20060203 0.955576
20060206 1.90095
20060207 0.00178747
20060208 -1.42811
20060209 0.0908804
20060210 -0.53106
20060213 -0.494773
20060214 0.772294
20060215 -0.218963
20060216 1.29484
20060217 -0.152308
20060220 0.191793
20060221 -0.823146
20060222 -1.52016
20060223 -0.857645
20060224 0.98121
20060227 0.358043
20060301 0.788832
20060302 0.447121
20060303 -1.34428
20060306 0.337516
20060307 -1.24137
20060308 -0.53248
20060309 0.416442
20060310 0.0649037
20060313 0.831187
20060314 -1.29297
20060315 0.908519
20060316 -0.210475
20060317 0.362643
20060320 -0.18457
20060321 -0.897569
20060322 -1.03391
20060323 -0.417127
20060324 0.188857
20060327 0.70931
20060328 0.498299
20060329 0.684548
20060330 0.739151
20060331 1.03742
20060403 0.707435
20060404 0.0726694
20060406 1.42852
20060407 0.31239
20060410 -0.0191657
20060411 -0.346136
20060412 0.759639
20060413 0.693842
20060414 1.41195
20060417 0.68392
20060418 -0.151854
20060419 0.705631
20060420 0.908687
20060421 -0.136432
20060424 0.0421572
20060425 -0.508736
20060426 1.54449
20060427 -0.457109
20060428 0.498305
20060502 0.38805
20060503 0.594061
20060504 1.41763
20060505 0.34581
20060508 1.40575
20060509 -1.13874
20060510 -0.869272
20060511 0.501593
20060512 -1.12057
20060515 -1.40968
20060516 -1.48335
20060517 0.663803
20060518 -1.16344
20060519 0.570372
20060522 -1.92094
20060523 -1.35884
20060524 0.482611
20060525 -0.223351
20060526 0.260285
20060529 -0.00915593
20060530 -0.46417
20060601 0.378119
20060602 1.26295
20060605 -3.51125
20060606 0.223372
20060607 -1.74629
20060608 -4.24832
20060609 1.78179
20060612 -0.0268438
20060613 -1.64041
20060614 2.07978
20060615 -0.658828
20060616 2.32448
20060619 0.110558
20060620 -3.33418
20060621 -1.0051
20060622 2.94559
20060623 -0.506385
20060626 1.10612
20060627 0.746664
20060628 -0.478668
20060629 1.01606
20060630 1.46836
20060703 0.210158
20060704 0.238294
20060705 -1.10698
20060706 -0.0133655
20060707 0.0231269
20060710 0.32805
20060711 -0.648415
20060712 -0.0759142
20060713 -1.00224
20060714 -2.12513
20060717 -2.64825
20060718 0.439615
20060719 -0.128392
20060720 2.65244
20060721 -0.368272
20060724 -0.940495
20060725 0.493116
20060726 -0.228448
20060727 1.29948
20060728 0.322326
20060731 -0.393356
20060801 -0.203268
20060802 0.465111
20060803 -0.14062
20060804 -0.304998
20060807 -0.403563
20060808 1.33295
20060809 1.09318
20060810 0.081994
20060811 -0.114154
20060814 0.620898
20060815 0.048851
20060816 1.23202
20060817 0.549979
20060818 -0.183856
20060821 -3.20127
20060822 1.29544
20060823 -0.513947
20060824 -0.0867855
20060825 -0.372787
20060828 -1.2482
20060829 0.54541
20060830 1.6545
20060831 0.374214
20060901 0.600292
20060904 1.4932
20060905 -0.237747
20060906 -0.687928
20060907 -0.0473943
20060908 0.11787
20060911 0.0115047
20060912 -1.01809
20060913 0.590729
20060914 -0.990267
20060915 1.24597
20060918 3.01433
20060919 -0.0088611
20060920 -0.0595782
20060921 0.176222
20060922 -0.0622657
20060925 0.371934
20060926 -0.136879
20060927 0.645054
20060928 -0.880327
20060929 -0.0300694
20061002 1.13177
20061003 -0.0584735
20061004 -1.17725
20061005 1.77834
20061011 0.134763
20061012 -0.315269
20061013 1.2058
20061014 0.113885
20061016 1.05371
20061017 -1.06678
20061018 -0.813127
20061019 -0.31022
20061020 0.622371
20061023 0.0126382
20061024 0.811904
20061025 -0.528781
20061026 0.296743
20061027 0.083329
20061030 -1.29171
20061031 0.373394
20061101 -0.10439
20061102 0.914028
20061103 1.17983
20061106 -0.57487
20061107 0.90177
20061108 -0.0878269
20061109 -0.379056
20061110 0.322611
20061113 -0.531629
20061114 0.952626
20061115 0.45544
20061116 0.285067
20061117 0.0283853
20061120 0.0267226
20061121 0.663914
20061122 0.534634
20061123 0.488788
20061124 0.577816
20061127 0.953098
20061128 -0.709641
20061129 0.392884
20061130 1.25138
20061201 0.605858
20061204 0.439215
20061205 -0.485286
20061206 1.09634
20061207 -0.088519
20061208 -0.653354
20061211 -0.316641
20061212 -2.01731
20061213 -0.110749
20061214 0.40415
20061215 0.780835
20061218 1.13811
20061219 -0.337594
20061220 0.65102
20061221 -0.35838
20061222 0.413732
20061225 -0.0739651
20061226 1.05639
20061227 0.0723425
20061228 -0.00323282
20061229 1.17407
20070102 1.24084
20070103 -0.0441875
20070104 0.217372
20070105 -1.24696
20070108 -1.26168
20070109 0.688921
20070110 -1.17445
20070111 -1.03877
20070112 1.8791
20070115 0.280738
20070116 0.110234
20070117 0.537724
20070118 0.781215
20070119 -0.697895
20070122 0.0304861
20070123 0.126104
20070124 1.0593
20070125 -0.14832
20070126 -1.29295
20070129 -0.888978
20070130 -0.153253
20070131 -0.520291
20070201 0.0246752
20070202 0.98019
20070205 0.0783118
20070206 1.19014
20070207 -0.32619
20070208 -0.0998699
20070209 0.220723
20070212 -1.0582
20070213 -0.508333
20070214 0.938629
20070226 1.16205
20070227 0.0222749
20070301 -2.82576
20070302 -0.102881
20070303 -0.529544
20070305 -3.74291
20070306 1.45005
20070307 0.400347
20070308 1.2429
20070309 -0.0748616
20070312 0.80534
20070313 0.718954
20070314 -1.48009
20070315 1.66031
20070316 0.309771
20070319 0.228764
20070320 -0.0162814
20070321 0.269248
20070322 0.859093
20070323 0.455667
20070326 0.235389
20070327 -0.414454
20070328 -0.726941
20070329 0.772841
20070330 0.459717
20070402 0.00735728
20070403 0.607736
20070404 0.903826
20070409 0.649003
20070410 -0.101407
20070411 0.448041
20070412 -0.114417
20070413 -0.902769
20070414 0.5351
20070416 -0.0196402
20070417 -1.04742
20070418 0.553065
20070419 -1.43291
20070420 0.685037
20070423 0.853492
20070424 0.431309
20070425 -0.750277
20070426 0.192747
20070427 -0.632748
20070430 -0.930886
20070502 0.350713
20070503 0.298874
20070504 1.75862
20070507 0.610087
20070508 -0.239427
20070509 -0.532862
20070510 0.548383
20070511 -0.80673
20070514 -0.0122017
20070515 -0.691487
20070516 0.16978
20070517 0.61826
20070518 -0.0475223
20070521 1.33741
20070522 0.577775
20070523 0.404954
20070524 -0.0654344
20070525 -0.686917
20070528 -0.0386079
20070529 0.302451
20070530 -0.41741
20070531 -0.0293304
20070601 1.28853
20070604 0.544124
20070605 0.110915
20070606 0.128727
20070607 0.488053
20070608 -0.65288
20070611 0.459839
20070612 0.376308
20070613 -0.285178
20070614 1.25
20070615 1.45455
20070620 2.12559
20070621 1.09767
20070622 -0.0632692
20070623 -0.378454
20070625 1.4329
20070626 -0.821556
20070627 -0.242848
20070628 0.549628
20070629 -0.108178
20070702 0.633558
20070703 0.634376
20070704 0.809011
20070705 0.87992
20070706 0.432072
20070709 1.97567
20070710 0.158921
20070711 -0.999286
20070712 0.68303
20070713 1.24957
20070716 -0.569927
20070717 0.981279
20070718 -0.256378
20070719 -0.126933
20070720 1.18851
20070723 0.372108
20070724 1.27307
20070725 -0.0403291
20070726 -1.78345
20070727 -4.22457
20070730 -0.979123
20070731 2.36625
20070801 -4.25713
20070802 0.660045
20070803 1.19825
20070806 -1.28165
20070807 -0.888205
20070808 2.67594
20070809 0.913677
20070810 -2.73659
20070813 0.0856581
20070814 -0.312897
20070815 -3.56807
20070816 -4.55799
20070817 -1.35441
20070820 5.25704
20070821 -0.428854
20070822 0.169592
20070823 2.8184
20070824 -0.489531
20070827 0.324735
20070828 0.105987
20070829 -0.965099
20070830 1.47964
20070831 2.40503
20070903 -0.0244952
20070904 -0.634518
20070905 -0.10233
20070906 1.15809
20070907 0.0110901
20070910 -0.892651
20070911 0.733309
20070912 0.166609
20070913 -1.00576
20070914 1.1673
20070917 -1.45843
20070919 0.297416
20070920 0.63464
20070921 1.3609
20070926 1.67144
20070927 1.68708
20070928 -0.018061
20070929 0.686036
20071001 0.126423
20071002 1.42014
20071003 0.798278
20071004 -0.74928
20071005 -0.105219
20071008 1.03886
20071009 -0.795909
20071011 0.600009
20071012 -2.07473
20071015 0.231459
20071016 0.777643
20071017 -0.315973
20071018 0.783402
20071019 -0.263053
20071022 -2.61233
20071023 1.51443
20071024 -0.628995
20071025 1.33056
20071026 0.66104
20071029 1.85194
20071030 -0.52957
20071031 -0.477146
20071101 -1.16502
20071102 -3.38751
20071105 0.382933
20071106 -0.169733
20071107 0.0798459
20071108 -3.89926
20071109 0.37303
20071112 -3.34759
20071113 0.652775
20071114 2.47181
20071115 -0.419544
20071116 -1.5787
20071119 -0.959636
20071120 0.00173247
20071121 -2.26648
20071122 0.179863
20071123 -1.84919
20071126 2.23118
20071127 -1.78898
20071128 -1.18795
20071129 2.06338
20071130 1.64993
20071203 -0.029821
20071204 0.785667
20071205 0.296718
20071206 0.201222
20071207 0.321698
20071210 -1.42564
20071211 0.46871
20071212 -1.70739
20071213 -3.56725
20071214 -0.853329
20071217 -3.53815
20071218 -0.299584
20071219 2.65031
20071220 -1.96187
20071221 1.07368
20071224 2.44339
20071225 0.388297
20071226 -0.130765
20071227 1.92891
20071228 1.00112
20071231 1.30202
20080102 -2.15406
20080103 -1.66825
20080104 0.450862
20080107 -4.10808
20080108 1.00896
20080109 1.53399
20080110 -0.343721
20080111 -0.347015
20080114 1.79468
20080115 3.12513
20080116 -2.9577
20080117 -0.9525
20080118 1.02473
20080121 -0.909626
20080122 -6.51328
20080123 -2.28912
20080124 1.46658
20080125 2.96047
20080128 -3.27924
20080129 1.21069
20080130 -0.434505
20080131 -0.296548
20080201 2.03241
20080212 -1.57272
20080213 -0.0364079
20080214 4.16831
20080215 0.141004
20080218 0.184473
20080219 1.69195
20080220 -1.61931
20080221 2.42524
20080222 0.281721
20080225 2.19023
20080226 0.257779
20080227 1.85865
20080229 -0.582839
20080303 -1.78169
20080304 2.50809
20080305 0.163396
20080306 2.05906
20080307 -1.46974
20080310 -2.71949
20080311 0.990792
20080312 0.640691
20080313 -2.65918
20080314 -0.60407
20080317 -1.91058
20080318 0.654052
20080319 1.50823
20080320 1.935
20080321 2.24729
20080324 3.99249
20080325 -0.792521
20080326 -0.307789
20080327 -1.84841
20080328 0.203699
20080331 -0.59014
20080401 -1.78324
20080402 2.20436
20080403 -0.104359
20080407 1.55241
20080408 -0.652254
20080409 -0.0567279
20080410 1.86285
20080411 0.908099
20080414 -0.189688
20080415 0.360978
20080416 1.58278
20080417 0.269022
20080418 -0.176998
20080421 0.0989655
20080422 -0.507197
20080423 -0.318236
20080424 -0.201589
20080425 -0.47273
20080428 1.47264
20080429 -2.06903
20080430 0.31692
20080502 0.490026
20080505 -1.41192
20080506 0.229712
20080507 0.77867
20080508 -0.669028
20080509 -0.83719
20080512 0.428327
20080513 1.80611
20080514 0.32137
20080515 1.53863
20080516 0.439333
20080519 1.06323
20080520 -2.4347
20080521 -0.587937
20080522 -0.0836335
20080523 -1.92384
20080526 -1.43638
20080527 0.8103
20080528 -1.28337
20080529 0.221441
20080530 -0.758094
20080602 1.22275
20080603 -1.66245
20080604 0.563792
20080605 1.2826
20080606 0.0788428
20080609 -1.7997
20080610 -2.53797
20080611 -0.291639
20080612 -3.39437
20080613 0.536816
20080616 0.791801
20080617 0.391933
20080618 0.192519
20080619 -2.06679
20080620 -1.80548
20080623 -0.328376
20080624 -1.75675
20080625 1.51122
20080626 -0.550731
20080627 -3.36721
20080630 -0.334091
20080701 -1.53598
20080702 -0.730565
20080703 0.547199
20080704 -2.24084
20080707 1.55912
20080708 -3.94027
20080709 -0.0510518
20080710 0.388748
20080711 2.39003
20080714 -1.21191
20080715 -4.50917
20080716 -1.80854
20080717 3.93211
20080718 -2.28245
20080721 3.9668
20080722 -0.282542
20080723 3.45588
20080724 0.796872
20080725 -1.8249
20080729 -3.0296
20080730 0.796637
20080731 -0.654706
20080801 -0.306376
20080804 -0.359586
20080805 -2.34989
20080806 3.12385
20080807 -0.0236279
20080808 2.62592
20080811 1.61714
20080812 -0.43437
20080813 -0.0200165
20080814 0.46254
20080815 -1.76861
20080818 -2.72021
20080819 -0.316254
20080820 0.892726
20080821 -1.7387
20080822 -0.0988634
20080825 1.72289
20080826 -0.940446
20080827 1.67088
20080828 -0.672226
20080829 0.181133
20080901 -3.30707
20080902 -1.66254
20080903 -1.71482
20080904 -2.61658
20080905 -1.64285
20080908 5.5715
20080909 -3.513
20080910 0.517369
20080911 -3.19076
20080912 0.939387
20080915 -4.09195
20080916 -4.88827
20080917 0.76921
20080918 -2.73959
20080919 5.82121
20080922 2.3486
20080923 1.1719
20080924 -0.802462
20080925 -1.1703
20080926 -2.16472
20080930 -3.54744
20081001 0.782091
20081002 -1.04597
20081003 0.675169
20081006 -4.11913
20081007 0.34437
20081008 -5.76072
20081009 -1.45379
20081013 -2.14922
20081014 5.40033
20081015 -0.856086
20081016 -3.24592
20081017 -2.27681
20081020 -0.575761
20081021 0.220615
20081022 -1.62118
20081023 -2.71625
20081024 -3.18971
20081027 -4.64558
20081028 0.757982
20081029 0.14886
20081030 6.28887
20081031 3.99305
20081103 2.55407
20081104 -0.0486516
20081105 -0.287827
20081106 -5.70761
20081107 1.02703
20081110 -0.0434398
20081111 -2.14545
20081112 -0.495842
20081113 -3.85087
20081114 0.335076
20081117 -0.289721
20081118 -3.03211
20081119 -0.489883
20081120 -4.53212
20081121 1.98463
20081124 -0.253172
20081125 2.54655
20081126 0.124448
20081127 4.25933
20081128 0.151338
20081201 1.29896
20081202 -3.57315
20081203 -1.14116
20081204 -1.21422
20081205 -0.702478
20081208 4.57413
20081209 1.22965
20081210 4.16329
20081211 -0.0708389
20081212 -3.7439
20081215 2.95564
20081216 0.0687064
20081217 0.674261
20081218 1.00667
20081219 -0.00617787
20081222 -3.3865
20081223 -2.8592
20081224 0.39107
20081225 -0.217939
20081226 0.26351
20081229 -0.201577
20081230 3.91471
20081231 0.0475083
20090105 2.33249
20090106 0.616173
20090107 1.32381
20090108 -5.30393
20090109 -0.728645
20090110 -0.781978
20090112 -0.305088
20090113 1.7616
20090114 -0.240264
20090115 -4.43883
20090116 0.762137
20090117 0.284813
20090119 0.0151089
20090120 -2.84307
20090121 0.126346
20090202 0.282718
20090203 2.64861
20090204 0.392429
20090205 -0.608665
20090206 2.47522
20090209 0.521998
20090210 0.701071
20090211 1.10139
20090212 -2.39361
20090213 2.82284
20090216 -0.0270056
20090217 -2.16673
20090218 0.14672
20090219 0.678023
20090220 -2.02987
20090223 0.920451
20090224 -1.06302
20090225 1.43471
20090226 0.55232
20090227 0.85403
20090302 -2.88162
20090303 0.21487
20090304 2.3917
20090305 2.10904
20090306 0.354302
20090309 -0.545588
20090310 0.924321
20090311 1.90408
20090312 -0.111557
20090313 3.00212
20090316 1.50957
20090317 1.40949
20090318 0.121988
20090319 -0.23001
20090320 -1.4756
20090323 3.27635
20090324 2.30281
20090325 1.98772
20090326 0.75154
20090327 0.0768605
20090330 -3.42535
20090331 0.0920091
20090401 1.98836
20090402 2.99804
20090403 1.02032
20090406 0.48087
20090407 0.371293
20090408 -2.39006
20090409 4.11936
20090410 2.01419
20090413 1.3089
20090414 0.598194
20090415 -0.296813
20090416 2.07619
20090417 -4.03174
20090420 0.456621
20090421 1.72528
20090422 0.0799078
20090423 -0.184666
20090424 0.0941202
20090427 -2.98805
20090428 -1.89867
20090429 0.309646
20090430 6.74218
20090504 5.63748
20090505 0.782574
20090506 2.9273
20090507 0.0939577
20090508 0.167355
20090511 0.966451
20090512 -3.23355
20090513 0.817566
20090514 -1.86534
20090515 1.96286
20090518 1.36722
20090519 1.18246
20090520 0.721653
20090521 0.226593
20090522 0.275048
20090525 -0.0420062
20090526 -0.762498
20090527 3.1023
20090601 0.923891
20090602 -0.0721879
20090603 -0.804998
20090604 -1.55343
20090605 -0.279396
20090606 1.32465
20090608 -3.3357
20090609 -3.22313
20090610 0.746445
20090611 1.62636
20090612 -1.81412
20090615 -3.45319
20090616 -0.0762984
20090617 -0.400268
20090618 -0.829263
20090619 1.40971
20090622 1.76629
20090623 -2.26676
20090624 2.94652
20090625 1.21519
20090626 0.0921424
20090629 -1.12028
20090630 0.641673
20090701 2.28244
20090702 1.3461
20090703 -0.0319441
20090706 -0.23239
20090707 0.982119
20090708 -0.701095
20090709 1.20034
20090710 0.321267
20090713 -3.53095
20090714 1.66274
20090715 1.49396
20090716 0.618819
20090717 1.04259
20090720 1.28258
20090721 0.20868
20090722 0.459923
20090723 -0.063561
20090724 -0.10887
20090727 0.790882
20090728 1.62483
20090729 -0.826026
20090730 -0.797896
20090731 0.72007
20090803 -0.296706
20090804 -1.42899
20090805 -1.54732
20090806 0.298028
20090810 0.207031
20090811 0.379927
20090812 -0.146477
20090813 1.9722
20090814 0.491116
20090817 -1.94794
20090818 -2.04896
20090819 -0.0175255
20090820 -0.815341
20090821 -1.16482
20090824 2.75666
20090825 -0.421743
20090826 -1.32464
20090827 -0.423561
20090828 1.78022
20090831 0.23628
20090901 2.83916
20090902 0.285196
20090903 0.921619
20090904 0.68237
20090907 0.999003
20090908 1.23745
20090909 -0.865055
20090910 1.12209
20090911 0.0690126
20090914 -1.09293
20090915 1.23068
20090916 1.2793
20090917 0.498096
20090918 0.65866
20090921 -0.320065
20090922 -0.44559
20090923 -1.23537
20090924 -0.712231
20090925 0.28672
20090928 -0.825167
20090929 1.99558
20090930 1.06582
20091001 0.481013
20091002 -1.76812
20091005 0.352139
20091006 1.3185
20091007 0.963507
20091008 -1.38461
20091009 0.914928
20091012 0.368728
20091013 -0.0431557
20091014 1.30519
20091015 0.190364
20091016 0.0609592
20091019 0.469465
20091020 0.0283848
20091021 -0.670921
20091022 -1.21496
20091023 0.543507
20091026 0.24996
20091027 -0.144229
20091028 -1.61139
20091029 -2.36609
20091030 -0.212215
20091102 -0.0667554
20091103 -0.167003
20091104 1.96793
20091105 -0.663986
20091106 0.614629
20091109 0.986867
20091110 0.753513
20091111 0.982023
20091112 0.0374295
20091113 -0.0690958
20091116 1.6574
20091117 -0.763155
20091118 0.432938
20091119 -0.0863941
20091120 -0.992396
20091123 0.054402
20091124 0.356571
20091125 0.541184
20091126 -0.221109
20091127 -3.20771
20091130 1.21881
20091201 0.883911
20091202 0.37115
20091203 0.0918228
20091204 -0.439313
20091207 1.63026
20091208 -0.0891268
20091209 0.369559
20091210 -1.53268
20091211 1.52593
20091214 0.308657
20091215 -0.1472
20091216 -0.717504
20091217 -0.121655
20091218 0.14802
20091221 0.433863
20091222 0.882594
20091223 0.579175
20091224 0.785168
20091225 0.11364
20091228 1.0649
20091229 -0.0454255
20091230 0.725738
20091231 0.934757
20100104 0.241078
20100105 0.0432608
20100106 1.41535
20100107 -1.08314
20100108 0.527841
20100111 0.5183
20100112 -0.173601
20100113 -1.35763
20100114 1.13976
20100115 0.807109
20100118 -0.228187
20100119 -1.06527
20100120 -0.340287
20100121 -1.13198
20100122 -2.46756
20100125 -0.685224
20100126 -3.48254
20100127 -0.510347
20100128 1.77976
20100129 -0.703614
20100201 -1.51523
20100202 -1.26331
20100203 1.59322
20100204 -0.0786958
20100205 -4.2987
20100206 -0.0687182
20100208 0.0417277
20100209 2.01168
20100210 1.09767
20100222 1.58832
20100223 0.494705
20100224 -0.892011
20100225 -1.36407
20100226 0.123067
20100301 1.9049
20100302 0.262217
20100303 0.419867
20100304 -0.782752
20100305 1.27427
20100308 1.25237
20100309 0.107183
20100310 0.109261
20100311 -0.378193
20100312 -0.0171631
20100315 -1.46367
20100316 0.795162
20100317 1.97788
20100318 0.490581
20100319 0.146713
20100322 -0.784134
20100323 -0.307682
20100324 0.138761
20100325 0.196737
20100326 0.494505
20100329 0.896174
20100330 0.185846
20100331 -0.529503
20100401 1.17461
20100402 0.160242
20100406 0.793923
20100407 0.397173
20100408 -0.790217
20100409 0.427295
20100412 0.317846
20100413 -1.08429
20100414 0.839379
20100415 0.923908
20100416 -0.738749
20100419 -3.17262
20100420 0.588215
20100421 1.14057
20100422 -0.148173
20100423 0.328377
20100426 1.91445
20100427 -0.143417
20100428 -0.796546
20100429 -0.340281
20100430 -0.61832
20100503 -0.650655
20100504 -0.269108
20100505 -2.9489
20100506 -1.52555
20100507 -0.163334
20100510 1.29019
20100511 -0.734403
20100512 -0.0754392
20100513 2.20803
20100514 0.0200765
20100517 -2.23117
20100518 -0.176614
20100519 -0.344609
20100520 -1.78234
20100521 -2.51494
20100524 1.17468
20100525 -3.22776
20100526 1.14276
20100527 1.05771
20100528 0.720123
20100531 1.07823
20100601 -1.14795
20100602 -1.28434
20100603 2.28705
20100604 -0.21317
20100607 -2.54282
20100608 -0.0815868
20100609 -1.12305
20100610 1.55692
20100611 1.63915
20100614 1.20433
20100615 0.902349
20100617 0.828001
20100618 -0.301631
20100621 1.90108
20100622 -0.299649
20100623 -0.401045
20100624 0.102085
20100625 -1.51755
20100628 0.348911
20100629 -1.02949
20100630 -1.26893
20100701 -1.02751
20100702 1.05707
20100705 1.48989
20100706 1.45861
20100707 -0.185733
20100708 0.987332
20100709 0.504674
20100712 -0.100692
20100713 -0.551471
20100714 1.54118
20100715 -0.129493
20100716 -0.518529
20100719 -0.19231
20100720 0.813086
20100721 -0.13926
20100722 -0.453823
20100723 1.23762
20100726 0.337962
20100727 -0.506461
20100728 0.474964
20100729 0.182152
20100730 -0.491863
20100802 1.94637
20100803 0.579518
20100804 0.190139
20100805 -0.449161
20100806 0.333252
20100809 0.893982
20100810 -0.718776
20100811 -1.02436
20100812 -0.826339
20100813 0.789166
20100816 0.629027
20100817 -0.127567
20100818 -0.088131
20100819 0.0610775
20100820 -0.0205561
20100823 0.613324
20100824 -0.442457
20100825 -2.56478
20100826 -0.610571
20100827 0.431353
20100830 0.236828
20100831 -1.61371
20100901 0.682357
20100902 0.685552
20100903 1.41682
20100906 0.775717
20100907 -0.0830102
20100908 -0.419688
20100909 -0.200858
20100910 0.69644
20100913 2.5499
20100914 0.510428
20100915 0.383884
20100916 -0.784802
20100917 0.723233
20100920 0.350928
20100921 0.115311
20100923 0.0749066
20100924 -0.437912
20100927 0.305144
20100928 -0.0256374
20100929 0.628245
20100930 -0.0377311
20101001 0.0776837
20101004 0.0232882
20101005 -0.553837
20101006 1.01947
20101007 -0.0013321
20101008 -0.479598
20101011 -0.817917
20101012 -1.05836
20101013 0.203208
20101014 1.34198
20101015 -0.123552
20101018 -1.76422
20101019 -0.177532
20101020 0.974247
20101021 0.081356
20101022 0.452946
20101025 1.70078
20101026 0.43638
20101027 -0.625542
20101028 0.759974
20101029 -0.801527
20101101 1.11813
20101102 -0.417557
20101103 -0.609477
20101104 0.771039
20101105 1.09466
20101108 -0.222026
20101109 0.178514
20101110 0.0592022
20101111 -0.161878
20101112 -1.43299
20101115 -0.906673
20101116 0.868373
20101117 -0.681767
20101118 0.338078
20101119 0.273677
20101122 0.828185
20101123 -0.552606
20101124 -0.379175
20101125 0.638063
20101126 -0.453172
20101129 0.661917
20101130 0.0634689
20101201 1.76328
20101202 0.770638
20101203 0.445391
20101206 0.907011
20101207 0.0248118
20101208 -0.00688859
20101209 0.575035
20101210 -0.399936
20101213 0.203694
20101214 0.0439513
20101215 0.186264
20101216 0.291094
20101217 0.406506
20101220 -0.557737
20101221 0.673648
20101222 0.370423
20101223 0.433158
20101224 -0.424442
20101227 0.352213
20101228 -0.242342
20101229 -0.0497157
20101230 0.468745
20101231 0.725084
20110103 0.588463
20110104 -0.311451
20110105 -1.67698
20110106 0.417128
20110107 -1.13124
20110110 0.400333
20110111 1.28694
20110112 0.376646
20110113 0.118015
20110114 -0.0342074
20110117 -0.528502
20110118 0.704869
20110119 1.09056
20110120 -0.702724
20110121 -0.751372
20110124 -0.0735935
20110125 0.487267
20110126 0.714019
20110127 0.516148
20110128 0.472621
20110208 -0.370567
20110209 -1.14844
20110210 -1.89035
20110211 -2.56547
20110214 0.878172
20110215 0.419781
20110216 -0.102841
20110217 -0.333757
20110218 1.84203
20110221 -0.0522411
20110222 -1.8729
20110223 -1.66861
20110224 0.148896
20110225 0.679152
20110301 1.48738
20110302 -1.23355
20110303 1.37437
20110304 0.52676
20110307 -0.803815
20110308 0.389727
20110309 0.0259442
20110310 -1.22422
20110311 -0.868691
20110314 -0.557911
20110315 -3.34787
20110316 1.09049
20110317 -0.503204
20110318 1.35294
20110321 0.869114
20110322 0.476281
20110323 0.435353
20110324 0.36653
20110325 0.396311
20110328 -0.665824
20110329 0.508716
20110330 0.578594
20110331 0.427815
20110401 0.251403
20110406 1.68694
20110407 0.5619
20110408 -0.0806551
20110411 -0.160441
20110412 -1.66301
20110413 0.545203
20110414 0.256603
20110415 -0.961183
20110418 -0.0417481
20110419 -0.871316
20110420 2.02268
20110421 1.6381
20110422 0.1315
20110425 -0.208259
20110426 -0.0291635
20110427 1.12996
20110428 -0.0937146
20110429 -0.363901
20110503 -0.685956
20110504 0.0141909
20110505 0.796445
20110506 -0.458828
20110509 0.648864
20110510 -0.135025
20110511 -0.0319161
20110512 0.147214
20110513 -0.299649
20110516 -1.05367
20110517 -0.309931
20110518 0.683807
20110519 -0.580893
20110520 -0.628026
20110523 -1.01302
20110524 0.104036
20110525 -0.337123
20110526 0.702531
20110527 0.245774
20110530 0.155275
20110531 1.87178
20110601 0.817789
20110602 -0.783343
20110603 0.610808
20110607 0.1196
20110608 -0.547298
20110609 -0.0731593
20110610 -1.81226
20110613 -1.41291
20110614 1.33433
20110615 0.025373
20110616 -2.00443
20110617 -0.2118
20110620 -1.22069
20110621 0.784702
20110622 0.2724
20110623 -0.623588
20110624 -0.402114
20110627 -0.382873
20110628 -0.250581
20110629 1.11477
20110630 0.923906
20110701 1.00814
20110704 0.399315
20110705 0.110781
20110706 0.455351
20110707 -0.578173
20110708 -0.272073
20110711 -0.956623
20110712 -2.01757
20110713 -0.0347449
20110714 -0.0790518
20110715 1.10313
20110718 -0.423793
20110719 -0.163962
20110720 2.13031
20110721 0.125999
20110722 0.552712
20110725 -0.933343
20110726 1.27518
20110727 0.264378
20110728 -0.570344
20110729 -1.40319
20110801 0.661719
20110802 -1.34071
20110803 -1.48938
20110804 -1.65062
20110805 -5.58043
20110808 -3.82434
20110809 -0.790166
20110810 3.24564
20110811 -0.222715
20110812 -1.06321
20110815 2.38797
20110816 -0.266009
20110817 -0.728722
20110818 -1.63774
20110819 -3.57205
20110822 -0.413595
20110823 3.24974
20110824 -0.626468
20110825 -1.22699
20110826 0.461889
20110829 1.7852
20110830 0.899711
20110831 1.24467
20110901 0.211848
20110902 -0.00901945
20110905 -2.64907
20110906 -2.44161
20110907 2.19649
20110908 0.257143
20110909 0.824015
20110913 -2.8802
20110914 -2.20392
20110915 2.17487
20110916 2.59583
20110919 -1.27379
20110920 0.160011
20110921 0.574278
20110922 -3.05711
20110923 -3.5491
20110926 -2.39987
20110927 3.09476
20110928 0.804375
20110929 0.498531
20110930 0.595466
20111003 -2.92593
20111004 0.48332
20111005 -0.833163
20111006 2.04388
20111007 1.12114
20111011 2.58945
20111012 -0.221118
20111013 0.622837
20111014 -0.945704
20111017 1.40037
20111018 -1.36226
20111019 -0.0830203
20111020 -1.483
20111021 0.140661
20111024 2.97456
20111025 0.279911
20111026 0.595496
20111027 0.390006
20111028 0.672157
20111031 -0.372504
20111101 0.452309
20111102 -0.309099
20111103 -1.818
20111104 1.91574
20111107 0.243189
20111108 -0.274612
20111109 -0.512186
20111110 -3.34811
20111111 0.801921
20111114 2.1495
20111115 -0.459626
20111116 -1.38218
20111117 0.00392607
20111118 -2.08492
20111121 -2.64232
20111122 -0.605034
20111123 -2.7657
20111124 0.851547
20111125 -1.16354
20111128 1.68412
20111129 1.3027
20111130 -1.20953
20111201 3.9769
20111202 -0.529481
20111205 -0.596583
20111206 -1.99773
20111207 1.10289
20111208 -0.712357
20111209 -1.28314
20111212 0.808615
20111213 -0.75881
20111214 0.38078
20111215 -2.2821
20111216 0.303049
20111219 -2.23667
20111220 0.44186
20111221 4.56035
20111222 -0.0018644
20111223 2.07253
20111226 -0.255247
20111227 -0.106453
20111228 -0.400279
20111229 0.257202
20111230 -0.0387253
20120102 -1.69498
20120103 1.45522
20120104 0.41952
20120105 0.676124
20120106 -0.145145
20120109 -0.385783
20120110 1.21006
20120111 0.130102
20120112 -0.0226744
20120113 -0.0701313
20120116 -1.085
20120117 1.65352
20120118 0.174626
20120130 2.40154
20120131 1.48054
20120201 0.427425
20120202 1.36769
20120203 0.294419
20120204 0.863193
20120206 -0.688007
20120207 0.253122
20120208 2.10797
20120209 0.519315
20120210 -0.613211
20120213 0.644091
20120214 -0.364342
20120215 1.53677
20120216 -1.69314
20120217 0.31335
20120220 0.765863
20120221 -0.418863
20120222 1.01218
20120223 -0.804586
20120224 0.277677
20120229 2.0366
20120301 -0.0381718
20120302 0.31657
20120303 -0.363457
20120305 -1.35191
20120306 -0.834131
20120307 -0.439535
20120308 1.03099
20120309 0.393882
20120312 -1.10354
20120313 1.31138
20120314 1.16728
20120315 -0.0447942
20120316 -0.821021
20120319 -0.136811
20120320 -0.885386
20120321 0.115892
20120322 0.977206
20120323 0.206824
20120326 -1.34945
20120327 0.776139
20120328 0.107228
20120329 -2.05783
20120330 0.766448
20120402 -0.883652
20120403 -1.29786
20120405 -1.5595
20120406 0.869653
20120409 -1.36758
20120410 0.523757
20120411 0.209271
20120412 0.0816282
20120413 1.6358
20120416 -0.749976
20120417 -1.86277
20120418 0.252178
20120419 0.232609
20120420 -1.51574
20120423 -0.347137
20120424 0.237265
20120425 0.858004
20120426 -0.553075
20120427 -0.543122
20120430 0.283674
20120502 2.334
20120503 -0.225097
20120504 0.54077
20120507 -2.11494
20120508 0.101218
20120509 -0.927679
20120510 0.111024
20120511 -1.10422
20120514 -0.326831
20120515 0.250231
20120516 -2.17791
20120517 1.68911
20120518 -2.79443
20120521 0.573891
20120522 1.1493
20120523 -1.74766
20120524 -0.319819
20120525 -0.747524
20120528 0.910259
20120529 2.89084
20120530 -1.09626
20120531 0.546699
20120601 -2.6763
20120604 -2.97533
20120605 1.53438
20120606 0.795659
20120607 0.342399
20120608 -1.13922
20120611 1.72266
20120612 -0.676241
20120613 0.236847
20120614 -0.193685
20120615 1.14104
20120618 1.75619
20120619 -0.11495
20120620 0.845578
20120621 -0.757776
20120622 -0.783069
20120625 -0.770833
20120626 -0.396989
20120627 0.63155
20120628 -0.18655
20120629 1.76676
20120702 0.669936
20120703 0.996571
20120704 0.0570204
20120705 -0.468975
20120706 -0.259752
20120709 -0.795673
20120710 -0.801781
20120711 0.0904667
20120712 -1.74954
20120713 -0.373866
20120716 -0.200302
20120717 0.521294
20120718 -1.09373
20120719 1.41182
20120720 0.225365
20120723 -1.89751
20120724 -0.289951
20120725 -0.416934
20120726 -0.120931
20120727 2.20639
20120730 0.482696
20120731 1.55905
20120801 -0.034802
20120803 -0.694145
20120806 0.953519
20120807 0.125302
20120808 0.33363
20120809 1.55606
20120810 0.0998147
20120813 -0.0647794
20120814 0.577575
20120815 -0.153889
20120816 0.300891
20120817 -0.297589
20120820 -0.482193
20120821 1.00781
20120822 -0.136276
20120823 0.114583
20120824 -0.368281
20120827 -0.124501
20120828 -1.4231
20120829 0.39677
20120830 -0.26667
20120831 0.347559
20120903 0.722851
20120904 0.0110101
20120905 -1.12611
20120906 -0.552698
20120907 1.34016
20120910 0.778866
20120911 0.0319355
20120912 1.13986
20120913 0.110292
20120914 2.10126
20120917 0.312358
20120918 -0.360212
20120919 0.616095
20120920 -0.698548
20120921 0.349917
20120924 0.176798
20120925 -0.439864
20120926 -0.833966
20120927 0.184754
20120928 0.408136
20121001 -0.511201
20121002 0.559686
20121003 -0.441141
20121004 -0.0298003
20121005 0.108171
20121008 -0.972086
20121009 -0.31356
20121011 -1.84786
20121012 -0.197004
20121015 -0.243916
20121016 0.702532
20121017 -0.0886106
20121018 0.0135343
20121019 -0.758838
20121022 -0.482128
20121023 -0.482298
20121024 -0.308009
20121025 -0.721814
20121026 -1.76286
20121029 -0.594194
20121030 1.28207
20121031 -0.23028
20121101 0.189649
20121102 0.42941
20121105 -0.348248
20121106 0.714234
20121107 0.697834
20121108 -0.611352
20121109 0.698508
20121112 -0.349231
20121113 -1.81212
20121114 0.332119
20121115 -0.222217
20121116 -0.192754
20121119 -0.0144428
20121120 0.234674
20121121 -0.80159
20121122 0.243628
20121123 3.0996
20121126 1.11057
20121127 0.308208
20121128 0.0636589
20121129 0.922936
20121130 1.02112
20121203 0.260419
20121204 0.0140768
20121205 0.632416
20121206 -0.337167
20121207 0.249237
20121210 -0.428666
20121211 0.055062
20121212 1.00477
20121213 0.869938
20121214 -0.751826
20121217 -0.876637
20121218 0.163281
20121219 0.441276
20121220 -1.06819
20121221 -0.994407
20121222 0.268752
20121224 -0.0612736
20121225 1.34098
20121226 -0.0311643
20121227 0.18627
20121228 0.66798
20130102 1.03539
20130103 0.740686
20130104 -0.393649
20130107 -0.652068
20130108 -0.431068
20130109 0.219901
20130110 0.943318
20130111 0.0961356
20130114 0.0616475
20130115 -0.753456
20130116 -0.831805
20130117 -1.08812
20130118 1.526
20130121 -0.10281
20130122 0.442466
20130123 -0.192289
20130124 -0.622273
20130125 -0.304186
20130128 0.548575
20130129 1.132
20130130 0.397077
20130131 0.217542
20130201 0.0757985
20130204 0.855272
20130205 -0.457144
20130206 0.249906
20130218 0.466441
20130219 0.218418
20130220 0.856943
20130221 -0.892256
20130222 -0.122398
20130223 0.492845
20130225 -0.490929
20130226 -0.840249
20130227 0.216728
20130301 0.843885
20130304 -1.22153
20130305 0.830905
20130306 0.221738
20130307 0.128422
20130308 0.686267
20130311 0.294194
20130312 -0.547478
20130313 0.0100042
20130314 -0.547182
20130315 -0.30521
20130318 -1.46516
20130319 0.34732
20130320 -0.515922
20130321 0.177097
20130322 -0.199948
20130325 0.76832
20130326 0.00305171
20130327 0.480633
20130328 -0.34507
20130329 0.657567
20130401 -0.244609
20130402 0.176472
20130403 0.368625
20130408 -2.3867
20130409 -0.312791
20130410 0.313898
20130411 1.35667
20130412 -0.462588
20130415 -0.742813
20130416 0.483286
20130417 0.102807
20130418 -0.226912
20130419 1.7898
20130422 0.499068
20130423 -0.346406
20130424 1.01904
20130425 -0.0244271
20130426 0.00386522
20130429 0.0957382
20130430 0.79604
20130502 0.430579
20130503 0.0802117
20130506 0.418192
20130507 -0.0733224
20130508 1.2744
20130509 0.227405
20130510 -0.0679454
20130513 -0.38573
20130514 0.0424329
20130515 0.809149
20130516 0.859039
20130517 -0.260539
20130520 0.10587
20130521 0.0716243
20130522 0.188357
20130523 -1.91705
20130524 -0.3405
20130527 0.856531
20130528 -0.205913
20130529 0.905847
20130530 -1.1347
20130531 0.139626
20130603 -0.651503
20130604 -0.119489
20130605 -0.113659
20130606 -1.04829
20130607 -0.0116097
20130610 0.807264
20130611 -0.54408
20130613 -2.0267
20130614 -0.175057
20130617 0.694781
20130618 0.226825
20130619 -0.0453111
20130620 -1.35475
20130621 -1.33689
20130624 -0.452699
20130625 -1.22196
20130626 1.5864
20130627 1.27299
20130628 2.2617
20130701 -0.325096
20130702 -0.250624
20130703 -1.30292
20130704 -0.223724
20130705 1.36944
20130708 -1.44317
20130709 1.07579
20130710 0.508203
20130711 2.09506
20130712 0.500642
20130715 0.415905
20130716 0.0657889
20130717 -0.0140453
20130718 -0.775768
20130719 -1.62114
20130722 0.538579
20130723 1.34724
20130724 -0.22472
20130725 -0.397872
20130726 -0.1737
20130729 -0.796376
20130730 0.977795
20130731 -0.681197
20130801 -0.63789
20130802 0.541937
20130805 0.478402
20130806 -1.22526
20130807 -1.46314
20130808 -0.171943
20130809 -0.651643
20130812 0.60131
20130813 1.04879
20130814 -0.4375
20130815 -0.805781
20130816 0.478496
20130819 -0.312808
20130820 -0.855168
20130822 -0.233255
20130823 0.754125
20130826 0.275109
20130827 -0.938957
20130828 0.047312
20130829 1.1901
20130830 1.31642
20130902 0.211543
20130903 0.615887
20130904 -0.0609539
20130905 1.0597
20130906 -0.0599809
20130909 0.34186
20130910 0.203356
20130911 0.00268863
20130912 0.199417
20130913 -0.694926
20130914 -0.314882
20130916 1.38606
20130917 -0.0673451
20130918 -0.492141
20130923 1.01899
20130924 0.0758491
20130925 -0.18339
20130926 -1.19775
20130927 0.56202
20130930 -0.690217
20131001 0.160877
20131002 0.360321
20131003 1.73431
20131004 0.0661594
20131007 -0.369292
20131008 0.503863
20131009 -0.369164
20131011 0.0555997
20131014 -0.903184
20131015 1.13513
20131016 -0.426634
20131017 0.510071
20131018 0.794188
20131021 -0.259088
20131022 -0.0124806
20131023 -0.292809
20131024 0.239463
20131025 -0.797502
20131028 0.73335
20131029 0.156406
20131030 0.523444
20131031 -0.177199
20131101 -0.732301
20131104 -0.40581
20131105 -1.10053
20131106 0.239277
20131107 0.0210123
20131108 -0.653332
20131111 -0.571472
20131112 0.155205
20131113 -1.1104
20131114 0.378201
20131115 0.518874
20131118 0.175365
20131119 0.839289
20131120 -0.674922
20131121 -1.27991
20131122 0.21396
20131125 0.871404
20131126 0.73905
20131127 0.580265
20131128 0.802203
20131129 0.530951
20131202 0.0925471
20131203 -0.26217
20131204 0.303247
20131205 -0.504395
20131206 -0.0933708
20131209 0.919013
20131210 -0.014571
20131211 -0.113937
20131212 -0.858921
20131213 0.186697
20131216 -0.752904
20131217 0.469812
20131218 -0.0465663
20131219 0.699007
20131220 0.0134391
20131223 0.570013
20131224 -0.0705937
20131225 0.204361
20131226 0.214105
20131227 0.579201
20131230 1.03561
20131231 -0.138227
20140102 0.0119639
20140103 -0.766324
20140106 -0.544434
20140107 0.144589
20140108 0.513492
20140109 -0.483053
20140110 0.17229
20140113 0.432045
20140114 -0.210835
20140115 0.636515
20140116 0.111136
20140117 -0.187066
20140120 0.297343
20140121 -0.251221
20140122 0.295345
20140123 -0.350135
20140124 0.0373464
20140127 -1.57867
20140205 -2.34078
20140206 0.563003
20140207 0.918539
20140210 0.0548515
20140211 0.460076
20140212 0.952612
20140213 -0.507233
20140214 0.542999
20140217 0.0689492
20140218 0.430547
20140219 0.242856
20140220 -0.610815
20140221 0.906084
20140224 -0.479547
20140225 0.175335
20140226 0.294325
20140227 0.450184
20140303 -0.435202
20140304 -0.551506
20140305 0.916351
20140306 0.93665
20140307 0.00195003
20140310 -0.5591
20140311 0.42803
20140312 -0.20224
20140313 0.726097
20140314 -0.687718
20140317 0.143534
20140318 0.365982
20140319 -0.486495
20140320 -1.06025
20140321 -0.234493
20140324 0.328896
20140325 0.975203
20140326 0.552055
20140327 0.484142
20140328 -0.0561607
20140331 0.85064
20140401 0.269741
20140402 0.364017
20140403 -0.189885
20140407 -0.136126
20140408 0.133044
20140409 0.476138
20140410 0.196284
20140411 -0.447579
20140414 -0.568361
20140415 0.669383
20140416 0.0797419
20140417 0.227928
20140418 0.251561
20140421 -0.172525
20140422 0.262753
20140423 -0.198224
20140424 -0.128054
20140425 -1.91528
20140428 0.405623
20140429 0.708314
20140430 -0.909253
20140502 0.863111
20140505 0.0350656
20140506 0.473032
20140507 -0.215093
20140508 0.423701
20140509 -0.461431
20140512 -0.912069
20140513 0.10592
20140514 0.648901
20140515 0.0618607
20140516 0.0878292
20140519 0.128821
20140520 -0.136073
20140521 -0.285449
20140522 1.20971
20140523 0.430228
20140526 0.309721
20140527 0.212148
20140528 0.733493
20140529 -0.139337
20140530 -0.363265
20140603 0.523912
20140604 -0.0383626
20140605 0.22763
20140606 -0.0684822
20140609 0.3096
20140610 0.650787
20140611 0.0805616
20140612 -0.272481
20140613 -0.0897453
20140616 0.0711153
20140617 0.409325
20140618 0.425623
20140619 0.397416
20140620 -0.461741
20140623 -0.489988
20140624 0.193432
20140625 -0.043694
20140626 0.852401
20140627 -0.151383
20140630 0.926634
20140701 0.52006
20140702 0.45584
20140703 0.435115
20140704 -0.169854
20140707 0.106733
20140708 0.113236
20140709 -0.430176
20140710 0.791779
20140711 -0.724301
20140714 0.257586
20140715 0.513325
20140716 -0.882411
20140717 -0.806457
20140718 -0.0772781
20140721 0.425488
20140722 0.618481
20140724 0.296648
20140725 -0.926262
20140728 -0.202455
20140729 -0.300417
20140730 0.587099
20140731 -1.38848
20140801 -0.529633
20140804 0.687213
20140805 -2.023
20140806 0.0276685
20140807 -0.137023
20140808 -0.498065
20140811 0.956973
20140812 -0.106728
20140813 0.744173
20140814 -0.00757443
20140815 -0.257846
20140818 -0.71143
20140819 1.12096
20140820 0.478912
20140821 -0.373275
20140822 1.36944
20140825 0.112158
20140826 0.0355657
20140827 0.975413
20140828 -0.0761126
20140829 -0.444175
20140901 0.813775
20140902 -1.19141
20140903 0.538632
20140904 -0.227081
20140905 -0.222181
20140909 0.285175
20140910 -0.817817
20140911 -0.370395
20140912 -1.07016
20140915 -0.0620147
20140916 -0.91196
20140917 0.676304
20140918 0.455243
20140919 0.037024
20140922 -1.14496
20140923 -0.544629
20140924 0.149587
20140925 -0.955108
20140926 -0.241573
20140929 -0.323261
20140930 0.0687459
20141001 0.260288
20141002 -0.167618
20141003 1.46058
20141006 -0.12234
20141007 -0.597353
20141008 -0.947148
20141009 0.125746
20141013 -2.8445
20141014 0.654316
20141015 -1.28735
20141016 -0.252086
20141017 -1.39929
20141020 1.76509
20141021 -0.0981169
20141022 1.08832
20141023 -0.202996
20141024 -0.974228
20141027 -0.210843
20141028 1.68954
20141029 1.48321
20141030 -0.175314
20141031 0.975346
20141103 0.335392
20141104 -0.174136
20141105 -0.29569
20141106 -0.798653
20141107 0.242948
20141110 1.54119
20141111 -0.175037
20141112 -1.27505
20141113 0.692007
20141114 0.024608
20141117 -1.09642
20141118 -0.284987
20141119 1.17586
20141120 1.29005
20141121 0.139446
20141124 0.338775
20141125 -0.0667575
20141126 0.0674556
20141127 0.47049
20141128 0.238299
20141201 -0.755843
20141202 -0.909438
20141203 1.55476
20141204 0.543315
20141205 -0.200974
20141208 -0.209419
20141209 -0.635548
20141210 -1.05971
20141211 -0.211354
20141212 0.158212
20141215 -0.461933
20141216 -0.386392
20141217 -1.36913
20141218 0.56941
20141219 1.36158
20141222 1.06095
20141223 0.0297962
20141224 0.97244
20141225 -0.29914
20141226 0.604563
20141227 0.0480753
20141229 0.735264
20141230 -0.192225
20141231 0.41895
20150105 -0.356167
20150106 -2.43442
20150107 0.350893
20150108 1.73941
20150109 -0.243019
20150112 -0.404535
20150113 0.582897
20150114 -0.558605
20150115 -0.164926
20150116 -0.292412
20150119 0.391425
20150120 0.8462
20150121 0.735212
20150122 0.534349
20150123 1.08256
20150126 0.0710541
20150127 0.463404
20150128 -0.11206
20150129 -0.883401
20150130 -0.689413
20150202 0.267895
20150203 0.657721
20150204 0.689928
20150205 -0.0196566
20150206 -0.587361
20150209 -0.366741
20150210 -0.295068
20150211 0.72942
20150212 0.360273
20150213 0.349612
20150224 1.04791
20150225 0.728707
20150226 -0.798393
20150302 -0.215538
20150303 0.0459224
20150304 0.16616
20150305 -0.27688
20150306 0.528184
20150309 -0.858294
20150310 -0.276589
20150311 -0.139994
20150312 0.764664
20150313 -0.173514
20150316 -0.69357
20150317 0.278887
20150318 1.19493
20150319 0.862914
20150320 0.133104
20150323 0.0861506
20150324 -0.270849
20150325 -0.655901
20150326 -0.503836
20150327 -1.1997
20150330 0.190982
20150331 0.678126
20150401 -0.821789
20150402 0.974584
20150407 0.433111
20150408 -0.725279
20150409 -0.0410541
20150410 0.519021
20150413 0.507599
20150414 -0.251381
20150415 -1.05951
20150416 1.22442
20150417 -0.889941
20150420 -0.188906
20150421 -0.197524
20150422 0.82882
20150423 1.91917
20150424 1.18183
20150427 0.603633
20150428 -0.163339
20150429 -1.03447
20150430 -0.342814
20150504 0.254482
20150505 -0.253022
20150506 -0.0196503
20150507 -1.16202
20150508 -0.124796
20150511 -0.29179
20150512 0.176027
20150513 0.448105
20150514 -1.16494
20150515 -0.32619
20150518 0.277877
20150519 1.15208
20150520 -0.32377
20150521 -1.10218
20150522 0.628907
20150525 0.0660883
20150526 0.25132
20150527 0.249549
20150528 0.1991
20150529 -0.121175
20150601 -0.777026
20150602 -0.118752
20150603 -0.600569
20150604 -2.17537
20150605 -0.0909224
20150608 0.302992
20150609 -1.88462
20150610 1.16005
20150611 0.0429127
20150612 -0.00602577
20150615 -0.456349
20150616 -0.50435
20150617 -0.249113
20150618 0.310561
20150622 1.33863
20150623 0.528488
20150624 0.0656994
20150625 0.840988
20150626 -0.145304
20150629 -2.39333
20150630 0.941089
20150701 0.560022
20150702 0.0427698
20150703 -0.224003
20150706 -1.09284
20150707 -0.0626602
20150708 -2.96265
20150709 -0.690505
20150713 1.34382
20150714 0.0867823
20150715 0.137589
20150716 -0.132427
20150717 0.041699
20150720 -0.784663
20150721 0.344958
20150722 -0.968911
20150723 -1.43048
20150724 -0.264583
20150727 -2.40858
20150728 0.301642
20150729 -0.221495
20150730 1.02773
20150731 0.160084
20150803 -1.62636
20150804 -0.158953
20150805 0.369048
20150806 -1.08531
20150807 -0.0860344
20150810 0.290796
20150811 -0.858646
20150812 -1.31949
20150813 0.342377
20150814 -0.0733972
20150817 -1.11033
20150818 -0.440739
20150819 -1.90016
20150820 0.0993564
20150821 -3.02486
20150824 -4.83606
20150825 3.58014
20150826 0.520474
20150827 1.41221
20150828 2.48743
20150831 1.94209
20150901 -1.92491
20150902 0.221139
20150903 0.754922
20150904 -1.17775
20150907 -0.175487
20150908 0.187064
20150909 3.56708
20150910 -0.220109
20150911 0.449172
20150914 0.0176951
20150915 -0.569377
20150916 0.887408
20150917 1.34653
20150918 0.197024
20150921 -1.83287
20150922 0.708795
20150923 -2.06194
20150924 -0.858248
20150925 0.113873
20150930 0.601181
20151001 1.40199
20151002 0.10957
20151005 0.569897
20151006 0.49973
20151007 1.20479
20151008 -0.579978
20151012 1.51267
20151013 -0.0676463
20151014 -0.530002
20151015 0.927072
20151016 0.0398844
20151019 0.308541
20151020 0.256034
20151021 -0.512725
20151022 -0.00894979
20151023 0.759132
20151026 0.824906
20151027 -0.503582
20151028 -0.406031
20151029 -1.0952
20151030 -0.195664
20151102 0.706778
20151103 1.14247
20151104 1.65071
20151105 -0.0772251
20151106 -1.76956
20151109 -0.587674
20151110 -1.22164
20151111 -1.42781
20151112 0.155437
20151113 -1.16978
20151116 -0.409384
20151117 1.49504
20151118 -0.937715
20151119 1.63936
20151120 -0.138607
20151123 0.239565
20151124 -1.00864
20151125 -0.16678
20151126 1.17778
20151127 -1.01946
20151130 -0.926248
20151201 1.71489
20151202 -0.0697058
20151203 -0.0158538
20151204 -0.679512
20151207 0.662848
20151208 -1.30596
20151209 -1.36915
20151210 -0.163436
20151211 -1.22052
20151214 -0.933108
20151215 0.412802
20151216 1.37873
20151217 1.64955
20151218 -0.749424
20151221 0.30094
20151222 0.127627
20151223 0.276868
20151224 0.104142
20151225 0.467542
20151228 -0.0572746
20151229 -0.772629
20151230 -0.167833
20151231 0.701321
20160104 -2.68408
20160105 -0.482483
20160106 -1.04915
20160107 -1.73121
20160108 0.533747
20160111 -1.3371
20160112 -0.256403
20160113 0.72292
20160114 -1.04452
20160115 0.247064
20160118 0.633475
20160119 0.559451
20160120 -1.98297
20160121 -0.456031
20160122 1.20264
20160125 1.77884
20160126 -0.829475
20160127 0.270291
20160128 0.704092
20160129 2.22009
20160130 0.799568
20160201 0.144257
20160202 -0.31531
20160203 -0.839235
20160215 0.0435293
20160216 1.8045
20160217 0.0265425
20160218 1.22251
20160219 0.124721
20160222 0.0196954
20160223 0.0955959
20160224 -0.621254
20160225 1.00207
20160226 0.541484
20160301 0.886088
20160302 0.687739
20160303 0.792835
20160304 0.368794
20160307 0.185109
20160308 0.0549655
20160309 -0.348547
20160310 0.307963
20160311 0.524663
20160314 0.47967
20160315 -1.5629
20160316 1.02146
20160317 0.406941
20160318 0.872054
20160321 0.0225888
20160322 -0.306609
20160323 -0.222975
20160324 -0.259066
20160325 -0.439306
20160328 -0.166796
20160329 -0.84116
20160330 1.38895
20160331 0.0891611
20160401 -0.998079
20160406 -1.66618
20160407 -0.270751
20160408 0.603634
20160411 0.24691
20160412 -0.36683
20160413 1.41716
20160414 0.180649
20160415 0.377028
20160418 -0.395153
20160419 -0.372606
20160420 -1.38109
20160421 0.636209
20160422 -0.383962
20160425 0.287383
20160426 0.248707
20160427 -0.215817
20160428 -1.04145
20160429 -1.13254
20160503 -1.00002
20160504 -1.30996
20160505 -0.213919
20160506 -0.263588
20160509 -0.179221
20160510 0.300793
20160511 -0.254159
20160512 -0.338148
20160513 -0.670443
20160516 0.172718
20160517 0.903365
20160518 0.235861
20160519 -0.78067
20160520 0.435769
20160523 2.62174
20160524 -0.524664
20160525 1.15099
20160526 -0.024774
20160527 0.827844
20160530 0.85377
20160531 -0.00328348
20160601 0.721336
20160602 -0.478537
20160603 0.366301
20160604 0.0490251
20160606 0.0644823
20160607 0.962998
20160608 0.409913
20160613 -2.05681
20160614 0.467425
20160615 0.352724
20160616 -1.30404
20160617 0.870488
20160620 0.675062
20160621 0.68317
20160622 0.361554
20160623 -0.453983
20160624 -2.30145
20160627 -0.213756
20160628 0.55137
20160629 0.952909
20160630 0.931927
20160701 0.826856
20160704 0.255656
20160705 -0.508069
20160706 -1.6099
20160707 0.759819
20160711 1.68454
20160712 0.625851
20160713 0.184246
20160714 0.097207
20160715 0.941641
20160718 0.652082
20160719 0.295954
20160720 -0.30095
20160721 0.542647
20160722 -0.479431
20160725 -0.238205
20160726 0.368342
20160727 0.427706
20160728 0.146193
20160729 -1.01612
20160801 1.07185
20160802 -0.1316
20160803 -0.739349
20160804 0.255507
20160805 0.746951
20160808 0.639451
20160809 0.0526795
20160810 0.495242
20160811 -0.745508
20160812 0.20324
20160815 -0.0205443
20160816 -0.417001
20160817 0.0805659
20160818 0.0526427
20160819 -0.967174
20160822 -0.580677
20160823 0.546884
20160824 -0.150038
20160825 1.08779
20160826 0.178268
20160829 -0.235988
20160830 0.00427707
20160831 -0.45782
20160901 -0.746503
20160902 -0.151098
20160905 1.14136
20160906 1.009
20160907 0.841015
20160908 0.0412497
20160909 -1.05809
20160910 -1.21321
20160912 -1.17776
20160913 -0.0696261
20160914 -0.430947
20160919 2.81478
20160920 0.0950542
20160921 0.730441
20160922 0.0732488
20160923 0.534477
20160926 -0.970428
20160929 0.830722
20160930 -1.12234
20161003 0.734719
20161004 0.580119
20161005 -0.16677
20161006 0.129734
20161007 -0.199261
20161011 -0.496333
20161012 0.355531
20161013 -0.3613
20161014 -0.585736
20161017 0.120563
20161018 0.505223
20161019 0.665867
20161020 0.358143
20161021 -0.114518
20161024 0.171166
20161025 0.677398
20161026 -0.249321
20161027 -0.669713
20161028 0.0792524
20161031 -0.180509
20161101 -0.18751
20161102 -1.44144
20161103 -0.785318
20161104 0.00971471
20161107 1.34194
20161108 0.300221
20161109 -2.97512
20161110 2.33674
20161111 -2.1243
20161114 -0.193791
20161115 -0.104806
20161116 0.349226
20161117 0.368659
20161118 0.150416
20161121 0.358764
20161122 1.02066
20161123 0.490955
20161124 -0.284588
20161125 0.0760476
20161128 0.689698
20161129 -0.323786
20161130 0.525762
20161201 0.246954
20161202 -0.799264
20161205 -0.313729
20161206 0.983656
20170103 0.239011
20170104 0.151841
20170105 0.766448
20170106 0.150458
20170109 -0.317959
20170110 0.077279
20170111 -0.0417066
20170112 0.689506
20170113 -0.333146
20170116 -0.92229
20170117 0.669371
20170118 -0.134272
20170119 -0.255295
20170120 0.14316
20170123 0.992233
20170124 0.253611
20170202 -0.200895
20170203 0.282002
20170206 0.871976
20170207 0.173514
20170208 -0.118368
20170209 0.491758
20170210 0.786327
20170213 0.462781
20170214 0.0871234
20170215 0.833227
20170216 -0.290923
20170217 -0.117592
20170218 0.206564
20170220 -0.27321
20170221 0.11001
20170222 0.152096
20170223 -0.0968495
20170224 -0.192847
20170301 -0.776265
20170302 0.175916
20170303 -0.44976
20170306 0.356749
20170307 0.572576
20170308 0.157936
20170309 -0.972372
20170310 -0.318065
20170313 0.721344
20170314 0.48333
20170315 -0.0400278
20170316 1.00121
20170317 0.720284
20170320 0.0431873
20170321 0.600431
20170322 -0.499675
20170323 0.0814306
20170324 -0.279534
20170327 -0.264677
20170328 -0.0032332
20170329 -0.204529
20170330 -0.0821774
20170331 -0.371957
20170405 1.40611
20170406 -0.519431
20170407 -0.246819
20170410 0.0928753
20170411 -0.507158
20170412 -0.149915
20170413 0.193528
20170414 -1.05473
20170417 -0.169829
20170418 0.310395
20170419 -1.09392
20170420 -0.0752079
20170421 0.879502
20170424 0.00555744
20170425 1.27352
20170426 0.149773
20170427 0.0423065
20170428 0.115407
20170502 0.701677
20170503 0.141436
20170504 0.123648
20170505 -0.67919
20170508 0.376867
20170509 -0.21907
20170510 0.532903
20170511 0.332655
20170512 -0.14658
20170515 0.50066
20170516 -0.0531052
20170517 -0.177644
20170518 -0.441594
20170519 -0.21897
5Max: 6.74218
5Min: -6.67885
