19990105 6152.43
19990106 6199.91
19990107 6404.31
19990108 6421.75
19990111 6406.99
19990112 6363.89
19990113 6319.34
19990114 6241.32
19990115 6454.6
19990116 6483.3
19990118 6377.25
19990119 6343.36
19990120 6310.71
19990121 6332.2
19990122 6228.95
19990125 6033.21
19990126 6115.64
19990127 6138.87
19990128 6063.41
19990129 5984
19990130 5998.32
19990201 5862.79
19990202 5749.64
19990203 5743.86
19990204 5514.89
19990205 5474.79
19990206 5710.18
19990208 5822.98
19990209 5723.73
19990210 5798
19990220 6072.33
19990222 6313.63
19990223 6180.94
19990224 6238.87
19990225 6275.53
19990226 6318.52
19990301 6312.25
19990302 6263.54
19990303 6403.14
19990304 6393.74
19990305 6383.09
19990306 6421.73
19990308 6431.96
19990309 6493.43
19990310 6486.61
19990311 6436.8
19990312 6462.73
19990315 6598.32
19990316 6672.23
19990317 6757.07
19990318 6895.01
19990319 6997.29
19990320 6993.38
19990322 7043.23
19990323 6945.48
19990324 6889.42
19990325 6941.38
19990326 7033.25
19990329 6901.68
19990330 6898.66
19990331 6881.72
19990401 7018.68
19990402 7232.51
19990403 7182.2
19990406 7163.99
19990407 7135.89
19990408 7273.41
19990409 7265.7
19990412 7242.4
19990413 7337.85
19990414 7398.65
19990415 7498.17
19990416 7466.82
19990417 7581.5
19990419 7623.18
19990420 7627.74
19990421 7474.16
19990422 7494.6
19990423 7612.8
19990426 7629.09
19990427 7550.13
19990428 7496.61
19990429 7289.62
19990430 7371.17
19990503 7383.26
19990504 7588.04
19990505 7572.16
19990506 7560.05
19990507 7469.33
19990510 7484.37
19990511 7474.45
19990512 7448.41
19990513 7416.2
19990514 7592.53
19990515 7576.64
19990517 7599.76
19990518 7585.51
19990519 7614.6
19990520 7608.88
19990521 7606.69
19990524 7588.23
19990525 7417.03
19990526 7426.63
19990527 7469.01
19990528 7387.37
19990529 7419.7
19990531 7316.57
19990601 7397.62
19990602 7488.03
19990603 7572.91
19990604 7590.44
19990605 7639.3
19990607 7802.69
19990608 7892.13
19990609 7957.71
19990610 7996.76
19990611 7979.4
19990614 7973.58
19990615 7960
19990616 8059.02
19990617 8274.36
19990621 8413.48
19990622 8608.91
19990623 8492.32
19990624 8589.31
19990625 8265.96
19990628 8281.45
19990629 8514.27
19990630 8467.37
19990702 8572.09
19990703 8563.55
19990705 8593.35
19990706 8454.49
19990707 8470.07
19990708 8592.43
19990709 8550.27
19990712 8463.9
19990713 8204.5
19990714 7888.66
19990715 7918.04
19990716 7411.58
19990717 7366.23
19990719 7386.89
19990720 7806.85
19990721 7786.65
19990722 7678.67
19990723 7724.52
19990726 7595.71
19990727 7367.97
19990728 7484.5
19990729 7359.37
19990730 7413.11
19990731 7326.75
19990802 7195.94
19990803 7175.19
19990804 7110.8
19990805 6959.73
19990806 6823.52
19990807 7049.74
19990809 7028.01
19990810 7269.6
19990811 7228.68
19990812 7330.24
19990813 7626.05
19990816 8018.47
19990817 8083.43
19990818 7993.71
19990819 7964.67
19990820 8117.42
19990821 8153.57
19990823 8119.98
19990824 7984.39
19990825 8127.09
19990826 8097.57
19990827 8053.97
19990830 8071.36
19990831 8157.73
19990901 8273.33
19990902 8226.15
19990903 8073.97
19990904 8065.11
19990906 8130.28
19990907 7945.76
19990908 7973.3
19990909 8025.02
19990910 8161.46
19990913 8178.69
19990914 8092.02
19990915 7971.04
19990916 7968.9
19990917 7916.92
19990918 8016.93
19990920 7972.14
19990927 7759.93
19990928 7577.85
19990929 7615.45
19990930 7598.79
19991001 7694.99
19991002 7659.55
19991004 7685.48
19991005 7557.01
19991006 7501.63
19991007 7612
19991008 7552.98
19991011 7607.11
19991012 7835.37
19991013 7836.94
19991014 7879.91
19991015 7819.09
19991016 7829.39
19991018 7745.26
19991019 7692.96
19991020 7666.64
19991021 7654.9
19991022 7559.63
19991025 7680.87
19991026 7700.29
19991027 7701.22
19991028 7681.85
19991029 7706.67
19991030 7854.85
19991101 7814.89
19991102 7721.59
19991103 7580.09
19991104 7469.23
19991105 7488.26
19991106 7376.56
19991108 7401.49
19991109 7362.69
19991110 7401.81
19991111 7532.22
19991115 7545.03
19991116 7606.2
19991117 7645.78
19991118 7718.06
19991119 7770.81
19991120 7900.34
19991122 8052.31
19991123 8046.19
19991124 7921.85
19991125 7904.53
19991126 7595.44
19991129 7823.9
19991130 7720.87
19991201 7766.2
19991202 7806.26
19991203 7933.17
19991204 7964.49
19991206 7894.46
19991207 7827.05
19991208 7811.02
19991209 7738.84
19991210 7733.77
19991213 7883.61
19991214 7850.14
19991215 7859.89
19991216 7739.76
19991217 7723.22
19991218 7797.87
19991220 7782.94
19991221 7934.26
19991222 8002.76
19991223 8083.49
19991224 8219.45
19991227 8415.07
19991228 8448.84
20000104 8756.55
20000105 8849.87
20000106 8922.03
20000107 8845.47
20000110 9102.6
20000111 8927.03
20000112 9144.65
20000113 9107.19
20000114 9023.24
20000115 9191.37
20000117 9315.43
20000118 9250.19
20000119 9151.44
20000120 9136.95
20000121 9255.94
20000124 9387.07
20000125 9372.37
20000126 9581.96
20000127 9628.98
20000128 9696.91
20000129 9636.38
20000131 9744.89
20000201 9856.39
20000209 10008.9
20000210 10057.7
20000211 10128.7
20000214 9971.45
20000215 9957.74
20000216 10064.5
20000217 10202.2
20000218 10096.4
20000219 10161
20000221 9912.67
20000222 9731.93
20000223 9642.26
20000224 9599.17
20000225 9432.49
20000229 9435.94
20000301 9689.1
20000302 9543.82
20000303 9588.03
20000304 9517.97
20000306 9367.91
20000307 9380.07
20000308 9389.49
20000309 9587.27
20000310 9429.6
20000313 8811.95
20000314 8835.58
20000315 8640.03
20000316 8682.76
20000317 8763.27
20000320 8536.05
20000321 9004.48
20000322 9069.39
20000323 9533.87
20000324 9482.64
20000327 9807.57
20000328 9856.6
20000329 9805.69
20000330 9931.94
20000331 9854.95
20000401 10050.4
20000405 10186.2
20000406 9969.28
20000407 9921.03
20000408 9934.57
20000410 10127.5
20000411 10068
20000412 9911.39
20000413 9662.6
20000414 9374.61
20000415 8866.8
20000417 8993.68
20000418 9307.03
20000419 9104.4
20000420 9109.05
20000421 9120.48
20000424 8808.09
20000425 8921.12
20000426 8535.96
20000427 8541.95
20000428 8824.36
20000429 8777.35
20000502 8638.75
20000503 8420
20000504 8425.38
20000505 8698.53
20000506 8657.13
20000508 8616.18
20000509 8635.84
20000510 8559.87
20000511 8349.91
20000512 8560.44
20000515 8465.02
20000516 8727.82
20000517 9085.74
20000518 9087.21
20000519 9119.77
20000520 8820.35
20000522 8807.57
20000523 8671.01
20000524 8500.41
20000525 8438.1
20000526 8559.46
20000529 8588.25
20000530 8764.42
20000531 8939.52
20000601 8842.63
20000602 8883.45
20000603 8935.64
20000605 8958.21
20000607 9115.47
20000608 9067.88
20000609 9036.66
20000612 8955.44
20000613 8891.09
20000614 8935.23
20000615 8844.97
20000616 8832.15
20000617 8770.8
20000619 8751.1
20000620 8690.66
20000621 8637.6
20000622 8771.77
20000623 8684.93
20000626 8529.56
20000627 8424.17
20000628 8365.63
20000629 8120.89
20000630 8265.09
20000703 8297.77
20000704 8052.54
20000705 8421.74
20000706 8289.39
20000707 8173.08
20000710 8154.67
20000711 8158.63
20000712 8059.75
20000713 8267.66
20000714 8497.13
20000715 8518.13
20000717 8585.52
20000718 8368.78
20000719 8411.88
20000720 8219.53
20000721 8167.37
20000724 8064.2
20000725 7900.39
20000726 7961.54
20000727 7956.28
20000728 8122.11
20000729 8143.93
20000731 8114.92
20000801 7984.65
20000802 7916.85
20000803 7844.93
20000804 7925.2
20000805 7841.43
20000807 7715.99
20000808 7797.78
20000809 8048.14
20000810 8024.69
20000811 7974.65
20000814 7848.87
20000815 7845.69
20000816 8003.53
20000817 8143.25
20000818 8176.82
20000819 8209.07
20000821 8257.88
20000822 8118.05
20000824 8098.84
20000825 8026.32
20000828 7845.87
20000829 7817.49
20000830 7543.96
20000831 7616.98
20000901 7420.06
20000902 7707.59
20000904 7803.02
20000905 7785.62
20000906 7610.78
20000907 7430.93
20000908 7367.99
20000911 7335.2
20000913 7391.66
20000914 7152.29
20000915 7155.45
20000916 7053.29
20000918 6910.14
20000919 6734.9
20000920 6880.09
20000921 6920.9
20000922 6612.09
20000925 6677.46
20000926 6749.03
20000927 6717.04
20000928 6564.87
20000929 6432.36
20000930 6185.14
20001002 6024.07
20001003 6143.44
20001004 5997.92
20001005 6029.65
20001006 6353.67
20001007 6352.03
20001009 6209.42
20001011 6040.55
20001012 5805.01
20001013 5876.11
20001016 5630.95
20001017 5702.36
20001018 5432.23
20001019 5081.28
20001020 5404.78
20001021 5599.74
20001023 5680.95
20001024 5918.63
20001025 6023.78
20001026 5941.85
20001027 5805.17
20001030 5659.08
20001031 5544.18
20001101 5425.02
20001102 5626.08
20001103 5796.08
20001104 5677.3
20001106 5657.48
20001107 5877.77
20001108 6067.94
20001109 6089.55
20001110 6088.74
20001113 5793.52
20001114 5772.51
20001115 5737.02
20001116 5454.13
20001117 5351.36
20001118 5167.35
20001120 4845.21
20001121 5103
20001122 5130.61
20001123 5146.92
20001124 5419.99
20001127 5433.78
20001128 5362.26
20001129 5319.46
20001130 5256.93
20001201 5342.06
20001202 5277.35
20001204 5174.02
20001205 5199.2
20001206 5170.62
20001207 5212.73
20001208 5252.83
20001211 5284.41
20001212 5380.09
20001213 5384.36
20001214 5320.16
20001215 5224.74
20001216 5134.1
20001218 5055.2
20001219 5040.25
20001220 4947.89
20001221 4817.22
20001222 4811.22
20001226 4721.36
20001227 4614.63
20001228 4797.14
20001229 4743.94
20001230 4739.09
20010102 4935.28
20010103 4894.79
20010104 5136.13
20010105 5295.53
20010108 5188.51
20010109 5376.12
20010110 5436.78
20010111 5369.24
20010112 5339.4
20010115 5379.66
20010116 5662.94
20010117 5769.95
20010118 5847.91
20010129 5680.06
20010130 5792.5
20010131 5936.2
20010201 5897.93
20010202 6049.26
20010205 5932.42
20010206 5849.06
20010207 5693.58
20010208 5758.6
20010209 5809.84
20010212 5847.07
20010213 6027.49
20010214 5887.68
20010215 6104.24
20010216 6045.67
20010219 5937.3
20010220 5971.29
20010221 5949.96
20010222 5759.04
20010223 5726.93
20010226 5716.02
20010227 5674.69
20010301 5499.86
20010302 5499.54
20010305 5609.74
20010306 5635.06
20010307 5777.13
20010308 5711.02
20010309 5680.43
20010312 5582.67
20010313 5610.4
20010314 5658.21
20010315 5742.74
20010316 5783.93
20010319 5641.89
20010320 5642.7
20010321 5623.42
20010322 5730.95
20010323 5800.55
20010326 5896.32
20010327 5884.33
20010328 5819.39
20010329 5833.88
20010330 5797.92
20010402 5607.73
20010403 5446.82
20010404 5405.85
20010406 5515.13
20010409 5401.83
20010410 5353.5
20010411 5467.75
20010412 5533.22
20010413 5495.47
20010416 5432.28
20010417 5431.95
20010418 5508.61
20010419 5608.5
20010420 5596.63
20010423 5597.7
20010424 5589.34
20010425 5516.2
20010426 5518.73
20010427 5416.67
20010430 5381.67
20010502 5304.24
20010503 5405.54
20010504 5244.05
20010507 5229.93
20010508 5176.71
20010509 5232.64
20010510 5122.17
20010511 5232.72
20010514 5176.45
20010515 5158.79
20010516 5082.02
20010517 5143.44
20010518 5111.67
20010521 4958.61
20010522 4991.48
20010523 5209.97
20010524 5226.79
20010525 5170.08
20010528 5079.72
20010529 5095.26
20010530 5057.07
20010531 5048.86
20010601 5013.96
20010604 4985.11
20010605 5065.06
20010606 5220.44
20010607 5153.35
20010608 5226.28
20010611 5271.3
20010612 5266.24
20010613 5209.71
20010614 5119.19
20010615 5158.63
20010618 5070.52
20010619 5039.98
20010620 5029.64
20010621 4984.88
20010622 4904.34
20010626 4785.12
20010627 4825.28
20010628 4768.55
20010629 4883.43
20010702 4886.86
20010703 4843.82
20010704 4739.16
20010705 4709.2
20010706 4707.01
20010709 4657.3
20010710 4616.71
20010711 4548.29
20010712 4633.54
20010713 4485.68
20010716 4368.69
20010717 4371.99
20010718 4219.89
20010719 4190.78
20010720 4220.33
20010723 4151.93
20010724 4040.77
20010725 4136.39
20010726 4300.41
20010727 4320.59
20010731 4352.98
20010801 4354.52
20010802 4490.19
20010803 4530.68
20010806 4470.73
20010807 4404
20010808 4514.1
20010809 4448.52
20010810 4476.91
20010813 4520.76
20010814 4589.6
20010815 4623.11
20010816 4687.33
20010817 4638.36
20010820 4550.36
20010821 4562.73
20010822 4487.52
20010823 4459.76
20010824 4310.32
20010827 4384.55
20010828 4368.38
20010829 4508.69
20010830 4503.86
20010831 4509.44
20010903 4454.77
20010904 4493.53
20010905 4424.91
20010906 4338.26
20010907 4302.16
20010910 4289.1
20010911 4176.93
20010913 3952.49
20010914 3774.62
20010919 3781.17
20010920 3698.84
20010921 3591.85
20010924 3533.51
20010925 3493.78
20010926 3625.53
20010927 3567.63
20010928 3636.94
20011002 3492.12
20011003 3446.26
20011004 3493.66
20011005 3585.46
20011008 3520.35
20011009 3618.93
20011011 3789.93
20011012 3801.5
20011015 3712.82
20011016 3794.86
20011017 3817.13
20011018 3811.2
20011019 3845.62
20011022 3900.62
20011023 3874.42
20011024 3986.67
20011025 4012.2
20011026 4043.57
20011029 4065.1
20011030 3915.61
20011031 3903.49
20011101 3929.69
20011102 3998.48
20011105 4080.51
20011106 4082.92
20011107 4158.15
20011108 4135.03
20011109 4123.78
20011112 4172.63
20011113 4136.54
20011114 4277.7
20011115 4403.59
20011116 4446.62
20011119 4548.63
20011120 4455.8
20011121 4533.37
20011122 4450.02
20011123 4519.08
20011126 4608.32
20011127 4580.33
20011128 4447.58
20011129 4465.83
20011130 4441.12
20011203 4646.61
20011204 4766.43
20011205 4924.56
20011206 5208.86
20011207 5333.93
20011210 5321.28
20011211 5273.97
20011212 5539.31
20011213 5407.54
20011214 5486.73
20011217 5456.15
20011218 5329.19
20011219 5221.96
20011220 5309.1
20011221 5109.24
20011224 5164.73
20011225 5372.81
20011226 5392.43
20011227 5332.98
20011228 5398.28
20011231 5551.24
20020102 5600.05
20020103 5526.32
20020104 5638.53
20020107 5834.89
20020108 5810.08
20020109 5865.54
20020110 5871.28
20020111 5687.59
20020114 5611.86
20020115 5592.74
20020116 5488.33
20020117 5501.13
20020118 5522.8
20020121 5798.05
20020122 5804.1
20020123 5769.78
20020124 5801.92
20020125 5950.64
20020128 6007.33
20020129 5846.19
20020130 5812.67
20020131 5872.14
20020201 5857.93
20020204 5849.85
20020205 5844.25
20020206 5926.08
20020218 5968.61
20020219 5861.66
20020220 5692.18
20020221 5656.1
20020222 5609.83
20020225 5510.71
20020226 5499.79
20020227 5696.11
20020301 5680.78
20020304 5874.48
20020305 5957.75
20020306 6097.57
20020307 6048.15
20020308 6011.65
20020311 6196.26
20020312 6122.54
20020313 6088.34
20020314 6070.5
20020315 5951.45
20020318 5972.11
20020319 5906.73
20020320 6059.06
20020321 6046.52
20020322 6140.42
20020325 6219.17
20020326 6242.64
20020327 6147.75
20020328 6209.92
20020329 6167.47
20020401 6186.44
20020402 6243.46
20020403 6294.66
20020404 6207.09
20020408 6190.83
20020409 6069.85
20020410 6059.21
20020411 6073.76
20020412 6182.59
20020415 6196
20020416 6257.73
20020417 6390.68
20020418 6387.21
20020419 6448.12
20020422 6462.3
20020423 6390.62
20020424 6455.39
20020425 6355.59
20020426 6306.93
20020429 6205.09
20020430 6065.73
20020502 5867.83
20020503 5910.32
20020506 5642.48
20020507 5663.98
20020508 5711.53
20020509 5739.28
20020510 5807.3
20020513 5742.66
20020514 5755.92
20020515 5910.69
20020516 5801.47
20020517 5789.84
20020520 5574.71
20020521 5443.18
20020522 5541.64
20020523 5549.96
20020524 5706.4
20020527 5729.9
20020528 5669.53
20020529 5623.23
20020530 5736.19
20020531 5675.65
20020603 5571.08
20020604 5527.8
20020605 5599.42
20020606 5591.02
20020607 5433.02
20020610 5499.33
20020611 5405.42
20020612 5399.96
20020613 5562.23
20020614 5562.12
20020617 5537.81
20020618 5536.42
20020619 5399.5
20020620 5445.77
20020621 5460.53
20020624 5384.89
20020625 5316.04
20020626 5123.04
20020627 5071.76
20020628 5153.71
20020701 4969.32
20020702 4995.08
20020703 5047.82
20020704 5130.8
20020705 5255.23
20020708 5377.86
20020709 5388.52
20020710 5262.01
20020711 5202.59
20020712 5416.5
20020715 5393.01
20020716 5318.01
20020717 5250.82
20020718 5242.11
20020719 5161.92
20020722 5043.5
20020723 5159.23
20020724 5039.48
20020725 5045.07
20020726 4855.34
20020729 4858.44
20020730 5005.04
20020731 4940.38
20020801 4916.59
20020802 4920.89
20020805 4636.67
20020806 4572.35
20020807 4720.73
20020808 4700.23
20020809 4851.44
20020812 4852.07
20020813 4817.93
20020814 4887.43
20020815 4931.47
20020816 4919.02
20020819 4888
20020820 4919.26
20020821 4887.79
20020822 4956.49
20020823 4968.85
20020826 4935.92
20020827 4878.85
20020828 4789.63
20020829 4800.63
20020830 4764.94
20020902 4644.58
20020903 4588.06
20020904 4534.15
20020905 4459.37
20020909 4533.27
20020910 4668.01
20020911 4660.53
20020912 4647.37
20020913 4580.17
20020916 4457.16
20020917 4633.86
20020918 4482.65
20020919 4491.31
20020920 4429.25
20020923 4328.4
20020924 4286.94
20020925 4185.95
20020926 4222.22
20020927 4208.8
20020930 4191.81
20021001 4162.77
20021002 4171.76
20021003 4075.98
20021004 4067.79
20021007 3924.04
20021008 3964.28
20021009 3947.61
20021011 3850.04
20021014 3910.98
20021015 4131.47
20021016 4223.32
20021017 4280.81
20021018 4458.17
20021021 4463.52
20021022 4386.46
20021023 4589.88
20021024 4574.8
20021025 4564.06
20021028 4601.37
20021029 4554.13
20021030 4498.73
20021031 4579.14
20021101 4500.55
20021104 4583.68
20021105 4566.1
20021106 4725.34
20021107 4757.98
20021108 4811.01
20021111 4664.65
20021112 4676.47
20021113 4671.77
20021114 4665.56
20021115 4813.53
20021118 4790.61
20021119 4726.5
20021120 4653.5
20021121 4579.45
20021122 4707.61
20021125 4723.16
20021126 4677.89
20021127 4633.03
20021128 4612.6
20021129 4646.69
20021202 4683.18
20021203 4793.93
20021204 4727.49
20021205 4755.4
20021206 4738.98
20021209 4823.67
20021210 4755.01
20021211 4699.41
20021212 4669.7
20021213 4588.14
20021216 4582.05
20021217 4545.62
20021218 4535.93
20021219 4549.23
20021220 4595.67
20021223 4572.77
20021224 4544.5
20021225 4484.43
20021226 4567.37
20021227 4547.32
20021230 4457.75
20021231 4452.45
20030102 4524.87
20030103 4626.32
20030106 4689.86
20030107 4701.08
20030108 4836.93
20030109 4813.73
20030110 4850.8
20030113 4991.26
20030114 4992.42
20030115 5017.7
20030116 4943.29
20030117 4907.78
20030120 4951.03
20030121 4945.87
20030122 4993.27
20030123 5078.8
20030124 5057.32
20030127 4972.59
20030128 5015.16
20030206 4833.58
20030207 4735.37
20030210 4643.87
20030211 4618.98
20030212 4624.87
20030213 4507.96
20030214 4493.99
20030217 4705.08
20030218 4605.31
20030219 4550.83
20030220 4550.7
20030221 4548.35
20030224 4609.2
20030225 4454.35
20030226 4456.69
20030227 4432.46
20030303 4526.69
20030304 4499.69
20030305 4418.11
20030306 4397.44
20030307 4350.59
20030310 4319.99
20030311 4260.45
20030312 4328.15
20030313 4378.99
20030314 4476.17
20030317 4357.99
20030318 4539.72
20030319 4515.07
20030320 4599.25
20030321 4586.92
20030324 4570.68
20030325 4498.83
20030326 4496.05
20030327 4514.24
20030328 4477.01
20030331 4321.22
20030401 4337.61
20030402 4311.56
20030403 4358.39
20030404 4499.18
20030407 4575.83
20030408 4552.45
20030409 4537.39
20030410 4541.36
20030411 4530.4
20030414 4459.81
20030415 4487.59
20030416 4609.32
20030417 4566.66
20030418 4658.3
20030421 4648.12
20030422 4556.1
20030423 4564.93
20030424 4374.94
20030425 4233.54
20030428 4139.5
20030429 4200.32
20030430 4148.07
20030502 4187.82
20030505 4202.12
20030506 4220.45
20030507 4275.91
20030508 4191.25
20030509 4244.18
20030512 4261.02
20030513 4334.59
20030514 4341.1
20030515 4331.24
20030516 4283.77
20030519 4255.8
20030520 4251.59
20030521 4216.64
20030522 4271.3
20030523 4349.52
20030526 4465.57
20030527 4451.11
20030528 4474.41
20030529 4543.04
20030530 4555.9
20030602 4692.94
20030603 4678.08
20030605 4738.34
20030606 4740.45
20030609 4826.94
20030610 4832.2
20030611 4804.65
20030612 4878.43
20030613 4881.9
20030616 4892.36
20030617 4973.19
20030618 4999.07
20030619 5048.91
20030620 5002.58
20030623 4921.72
20030624 4909.31
20030625 4933.79
20030626 4894.01
20030627 4877.9
20030630 4872.15
20030701 5017.78
20030702 5095.24
20030703 5095.31
20030704 5151.85
20030707 5322.26
20030708 5367.97
20030709 5358.91
20030710 5282.38
20030711 5239.96
20030714 5349.94
20030715 5335.86
20030716 5413.87
20030717 5299.51
20030718 5287.38
20030721 5219.3
20030722 5261.01
20030723 5287.89
20030724 5402.75
20030725 5394.75
20030728 5451.8
20030729 5342.46
20030730 5307.18
20030731 5318.34
20030801 5390.51
20030804 5377.19
20030805 5259.45
20030806 5225.83
20030807 5259.07
20030808 5232.55
20030811 5214.6
20030812 5255.24
20030813 5442.27
20030814 5436.75
20030815 5488.74
20030818 5516.8
20030819 5512.16
20030820 5543.61
20030821 5611.86
20030822 5646.62
20030825 5686.85
20030826 5558.25
20030827 5553.43
20030828 5523.12
20030829 5650.83
20030901 5691.79
20030902 5715.95
20030903 5673.18
20030904 5625.63
20030905 5639.03
20030908 5727.01
20030909 5680.69
20030910 5623.43
20030912 5645.28
20030915 5623.22
20030916 5699.26
20030917 5747.14
20030918 5750.81
20030919 5757.91
20030922 5675.75
20030923 5684.01
20030924 5722.36
20030925 5688.23
20030926 5650.11
20030929 5643.5
20030930 5611.41
20031001 5581.66
20031002 5699.86
20031003 5747.79
20031006 5851.2
20031007 5856.68
20031008 5821.8
20031009 5869.88
20031013 5972.47
20031014 5938.42
20031015 5924.38
20031016 6035.74
20031017 6042.71
20031020 6077.89
20031021 6061.46
20031022 6041.86
20031023 5952.23
20031024 5918.14
20031027 5958.55
20031028 6075.45
20031029 6095.87
20031030 6108.13
20031031 6045.12
20031103 6087.45
20031104 6108.99
20031105 6142.32
20031106 6013.4
20031107 6056.83
20031110 6059.03
20031111 6022.08
20031112 5982.75
20031113 6035.44
20031114 6044.77
20031117 5952.32
20031118 5939.47
20031119 5865.51
20031120 5834.24
20031121 5830.06
20031124 5821.58
20031125 5861.18
20031126 5860.61
20031127 5740.57
20031128 5771.77
20031201 5870.17
20031202 5911.45
20031203 5884.97
20031204 5920.46
20031205 5900.05
20031208 5847.15
20031209 5859.56
20031210 5803.42
20031211 5867.05
20031212 5858.32
20031215 5924.24
20031216 5887.23
20031217 5752.01
20031218 5768.76
20031219 5759.23
20031222 5835.11
20031223 5845.51
20031224 5857.87
20031225 5853.7
20031226 5857.21
20031229 5804.89
20031230 5866.75
20031231 5890.69
20040102 6041.56
20040105 6125.42
20040106 6144.01
20040107 6141.25
20040108 6169.17
20040109 6226.98
20040112 6219.71
20040113 6210.22
20040114 6274.97
20040115 6264.37
20040116 6269.71
20040127 6384.63
20040128 6386.25
20040129 6312.65
20040130 6375.38
20040202 6319.96
20040203 6252.23
20040204 6241.39
20040205 6268.14
20040206 6353.35
20040209 6463.09
20040210 6488.34
20040211 6454.39
20040212 6436.95
20040213 6549.18
20040216 6565.37
20040217 6600.47
20040218 6605.85
20040219 6681.52
20040220 6665.54
20040223 6665.89
20040224 6589.23
20040225 6644.28
20040226 6693.25
20040227 6750.54
20040301 6888.43
20040302 6975.26
20040303 6932.17
20040304 7034.1
20040305 6943.68
20040308 6901.48
20040309 6973.9
20040310 6874.91
20040311 6879.11
20040312 6800.24
20040315 6635.98
20040316 6589.72
20040317 6577.98
20040318 6787.03
20040319 6815.09
20040322 6359.92
20040323 6172.89
20040324 6213.56
20040325 6156.73
20040326 6132.62
20040329 6474.11
20040330 6494.71
20040331 6522.19
20040401 6523.49
20040402 6545.54
20040405 6682.73
20040406 6635.54
20040407 6646.74
20040408 6672.86
20040409 6620.36
20040412 6777.78
20040413 6794.33
20040414 6880.18
20040415 6736.79
20040416 6818.2
20040419 6779.18
20040420 6799.97
20040421 6810.25
20040422 6732.09
20040423 6748.1
20040426 6710.7
20040427 6646.8
20040428 6574.75
20040429 6402.21
20040430 6117.81
20040503 6029.77
20040504 6188.15
20040505 5854.23
20040506 5909.79
20040507 6040.26
20040510 5825.05
20040511 5886.36
20040512 5958.79
20040513 5918.09
20040514 5777.32
20040517 5482.96
20040518 5557.68
20040519 5860.58
20040520 5815.33
20040521 5964.94
20040524 5942.08
20040525 5958.38
20040526 6027.27
20040527 6033.05
20040528 6137.26
20040531 5977.84
20040601 5986.2
20040602 5875.67
20040603 5671.45
20040604 5724.89
20040607 5935.82
20040608 5986.76
20040609 5965.7
20040610 5867.51
20040611 5735.07
20040614 5574.08
20040615 5646.49
20040616 5560.16
20040617 5664.35
20040618 5569.29
20040621 5556.54
20040623 5729.3
20040624 5779.09
20040625 5802.55
20040628 5709.84
20040629 5741.52
20040630 5839.44
20040701 5836.91
20040702 5746.7
20040705 5659.78
20040706 5733.57
20040707 5727.78
20040708 5713.39
20040709 5777.72
20040712 5758.74
20040713 5685.57
20040714 5623.65
20040715 5542.8
20040716 5502.14
20040719 5489.1
20040720 5325.68
20040721 5409.13
20040722 5387.96
20040723 5373.85
20040726 5331.71
20040727 5398.61
20040728 5383.57
20040729 5349.66
20040730 5420.57
20040802 5350.4
20040803 5367.22
20040804 5316.87
20040805 5427.61
20040806 5399.16
20040809 5399.45
20040810 5393.73
20040811 5367.34
20040812 5368.02
20040813 5389.93
20040816 5352.01
20040817 5342.49
20040818 5427.75
20040819 5602.99
20040820 5622.86
20040823 5660.97
20040826 5813.39
20040827 5797.71
20040830 5788.94
20040831 5765.54
20040901 5858.14
20040902 5852.85
20040903 5761.14
20040906 5775.99
20040907 5846.83
20040908 5846.02
20040909 5842.93
20040910 5846.19
20040913 5928.22
20040914 5919.77
20040915 5871.07
20040916 5891.05
20040917 5818.39
20040920 5864.54
20040921 5949.26
20040922 5970.18
20040923 5937.25
20040924 5892.21
20040927 5849.22
20040929 5809.75
20040930 5845.69
20041001 5945.35
20041004 6077.96
20041005 6081.01
20041006 6060.61
20041007 6103
20041008 6102.16
20041011 6089.28
20041012 5979.56
20041013 5963.07
20041014 5831.07
20041015 5820.82
20041018 5772.12
20041019 5807.79
20041020 5788.34
20041021 5797.24
20041022 5774.67
20041026 5662.88
20041027 5650.97
20041028 5695.56
20041029 5705.93
20041101 5656.17
20041102 5759.61
20041103 5862.85
20041104 5860.73
20041105 5931.31
20041108 5937.46
20041109 5945.2
20041110 5948.49
20041111 5874.52
20041112 5917.16
20041115 5906.69
20041116 5910.85
20041117 6028.68
20041118 6049.49
20041119 6026.55
20041122 5838.42
20041123 5851.1
20041124 5911.31
20041125 5855.24
20041126 5778.65
20041129 5785.26
20041130 5844.76
20041201 5798.62
20041202 5867.95
20041203 5893.27
20041206 5919.17
20041207 5925.28
20041208 5892.51
20041209 5913.97
20041210 5911.63
20041213 5878.89
20041214 5909.65
20041215 6002.58
20041216 6019.23
20041217 6009.32
20041220 5985.94
20041221 5987.85
20041222 6001.52
20041223 5997.67
20041224 6019.42
20041227 5985.94
20041228 6000.57
20041229 6088.49
20041230 6100.86
20041231 6139.69
20050103 6143.12
20050104 6060.46
20050105 5988.37
20050106 5982.12
20050107 5935.99
20050110 5942.85
20050111 5975.66
20050112 5879.08
20050113 5853.94
20050114 5889.52
20050117 5945.27
20050118 5933.57
20050119 5895.35
20050120 5888.1
20050121 5848.91
20050124 5771.48
20050125 5782.75
20050126 5835.37
20050127 5842.76
20050128 5879.93
20050131 5994.23
20050201 5981.54
20050202 6018.69
20050203 6034.6
20050214 6112.4
20050215 6122.39
20050216 6143.49
20050217 6072.16
20050218 6115.43
20050221 6142.78
20050222 6107.17
20050223 6121.52
20050224 6128.34
20050225 6207.83
20050301 6259.69
20050302 6225.25
20050303 6202.38
20050304 6193.62
20050307 6220.52
20050308 6173.34
20050309 6213.28
20050310 6192.53
20050311 6204.23
20050314 6155.51
20050315 6063.48
20050316 6072.36
20050317 6032.47
20050318 6043.95
20050321 6058.96
20050322 6018.79
20050323 6019.49
20050324 6001
20050325 6065.91
20050328 6048.74
20050329 5961.24
20050330 5957.98
20050331 6005.88
20050401 6028.75
20050404 6019.93
20050406 6013.49
20050407 5971.76
20050408 6024.07
20050411 5979.42
20050412 5993.89
20050413 5998.08
20050414 5976.68
20050415 5888.37
20050418 5715.16
20050419 5748.35
20050420 5693.01
20050421 5721.99
20050422 5747.09
20050425 5758.31
20050426 5805.25
20050427 5778.27
20050428 5842.27
20050429 5818.07
20050503 5818.22
20050504 5803.68
20050505 5927.5
20050506 5967.96
20050509 5966.85
20050510 5949.8
20050511 5917.13
20050512 5934.6
20050513 5981.48
20050516 5925.88
20050517 5894.01
20050518 5890.83
20050519 5970.71
20050520 5954.69
20050523 5885.45
20050524 5909.1
20050525 5888.53
20050526 5939.42
20050527 5991.55
20050530 6009.52
20050531 6011.56
20050601 5971.62
20050602 6039.48
20050603 6107.95
20050606 6137.57
20050607 6105.79
20050608 6161.66
20050609 6145.92
20050610 6192.35
20050613 6231.05
20050614 6205.76
20050615 6252.1
20050616 6282.41
20050617 6293.56
20050620 6296.89
20050621 6278.46
20050622 6357.83
20050623 6373.86
20050624 6340.69
20050627 6302.99
20050628 6316.84
20050629 6231.65
20050630 6241.94
20050701 6272.14
20050704 6271.2
20050705 6232.04
20050706 6222.05
20050707 6212.6
20050708 6201.4
20050711 6298.86
20050712 6358.81
20050713 6377.09
20050714 6418.35
20050715 6410.59
20050719 6416.34
20050720 6423.81
20050721 6394.03
20050722 6380.73
20050725 6420.45
20050726 6366.16
20050727 6327.25
20050728 6375.64
20050729 6311.98
20050801 6307.93
20050802 6343.54
20050803 6455.57
20050804 6446.01
20050808 6380.03
20050809 6380
20050810 6356.84
20050811 6353.71
20050812 6350.9
20050815 6245.13
20050816 6242.4
20050817 6241.92
20050818 6205.09
20050819 6158.94
20050822 6206.65
20050823 6195.18
20050824 6127.24
20050825 6109.66
20050826 6136.55
20050829 6049.44
20050830 6032.12
20050831 6033.47
20050902 6116.05
20050905 6098.78
20050906 6140.14
20050907 6141.14
20050908 6149.88
20050909 6119.06
20050912 6164.98
20050913 6169.08
20050914 6148.7
20050915 6082.56
20050916 6031.24
20050919 6035.59
20050920 6105.35
20050921 6067.34
20050922 5972.06
20050923 5925.54
20050926 5930.2
20050927 5945.05
20050928 5931.38
20050929 6009.99
20050930 6118.61
20051003 6123.92
20051004 6142.12
20051005 6135.01
20051006 6095.81
20051007 6081.84
20051011 6066.59
20051012 5987.4
20051013 5960.11
20051014 5969.07
20051017 5826.27
20051018 5830.79
20051019 5694.16
20051020 5748
20051021 5738.76
20051024 5717.28
20051025 5721.31
20051026 5700.72
20051027 5661.18
20051028 5632.97
20051031 5764.3
20051101 5798.41
20051102 5870.37
20051103 5858.01
20051104 5911.74
20051107 5860.39
20051108 5849.63
20051109 5971.06
20051110 5988.37
20051111 6075.26
20051114 6083.62
20051115 6030.74
20051116 6046.2
20051117 6020.94
20051118 6106.74
20051121 6103.42
20051122 6059.19
20051123 6123.52
20051124 6111.89
20051125 6128.2
20051128 6203.84
20051129 6139.51
20051130 6203.47
20051201 6179.82
20051202 6228.95
20051205 6348.31
20051206 6350.52
20051207 6329.52
20051208 6249.19
20051209 6264.36
20051212 6266.29
20051213 6261.18
20051214 6235.35
20051215 6258.47
20051216 6350.69
20051219 6431.42
20051220 6427.84
20051221 6471.89
20051222 6417.2
20051223 6512.63
20051226 6534.77
20051227 6531.59
20051228 6524.4
20051229 6575.53
20051230 6548.34
20060102 6462.06
20060103 6591.77
20060104 6616.44
20060105 6709.87
20060106 6694.82
20060109 6742.39
20060110 6707.4
20060111 6735.89
20060112 6725.61
20060113 6682.35
20060116 6724.18
20060117 6711.04
20060118 6498.92
20060119 6512.29
20060120 6486.63
20060123 6381.97
20060124 6451.94
20060125 6532.18
20060203 6594.6
20060206 6719.96
20060207 6720.08
20060208 6624.11
20060209 6630.13
20060210 6594.92
20060213 6562.29
20060214 6612.97
20060215 6598.49
20060216 6683.93
20060217 6673.75
20060220 6686.55
20060221 6631.51
20060222 6530.7
20060223 6474.69
20060224 6538.22
20060227 6561.63
20060301 6613.39
20060302 6642.96
20060303 6553.66
20060306 6575.78
20060307 6494.15
20060308 6459.57
20060309 6486.47
20060310 6490.68
20060313 6544.63
20060314 6460.01
20060315 6518.7
20060316 6504.98
20060317 6528.57
20060320 6516.52
20060321 6458.03
20060322 6391.26
20060323 6364.6
20060324 6376.62
20060327 6421.85
20060328 6453.85
20060329 6498.03
20060330 6546.06
20060331 6613.97
20060403 6660.76
20060404 6665.6
20060406 6760.82
20060407 6781.94
20060410 6780.64
20060411 6757.17
20060412 6808.5
20060413 6855.74
20060414 6952.54
20060417 7000.09
20060418 6989.46
20060419 7038.78
20060420 7102.74
20060421 7093.05
20060424 7096.04
20060425 7059.94
20060426 7168.98
20060427 7136.21
20060428 7171.77
20060502 7199.6
20060503 7242.37
20060504 7345.04
20060505 7370.44
20060508 7474.05
20060509 7388.94
20060510 7324.71
20060511 7361.45
20060512 7278.96
20060515 7176.35
20060516 7069.9
20060517 7116.83
20060518 7034.03
20060519 7074.15
20060522 6938.26
20060523 6843.98
20060524 6877.01
20060525 6861.65
20060526 6879.51
20060529 6878.88
20060530 6846.95
20060601 6872.84
20060602 6959.64
20060605 6715.27
20060606 6730.27
20060607 6612.74
20060608 6331.81
20060609 6444.63
20060612 6442.9
20060613 6337.21
20060614 6469.01
20060615 6426.39
20060616 6575.77
20060619 6583.04
20060620 6363.55
20060621 6299.59
20060622 6485.15
20060623 6452.31
20060626 6523.68
20060627 6572.39
20060628 6540.93
20060629 6607.39
20060630 6704.41
20060703 6718.5
20060704 6734.51
20060705 6659.96
20060706 6659.07
20060707 6660.61
20060710 6682.46
20060711 6639.13
20060712 6634.09
20060713 6567.6
20060714 6428.03
20060717 6257.8
20060718 6285.31
20060719 6277.24
20060720 6443.74
20060721 6420.01
20060724 6359.63
20060725 6390.99
20060726 6376.39
20060727 6459.25
20060728 6480.07
20060731 6454.58
20060801 6441.46
20060802 6471.42
20060803 6462.32
20060804 6442.61
20060807 6416.61
20060808 6502.14
20060809 6573.22
20060810 6578.61
20060811 6571.1
20060814 6611.9
20060815 6615.13
20060816 6696.63
20060817 6733.46
20060818 6721.08
20060821 6505.92
20060822 6590.2
20060823 6556.33
20060824 6550.64
20060825 6526.22
20060828 6444.76
20060829 6479.91
20060830 6587.12
20060831 6611.77
20060901 6651.46
20060904 6750.78
20060905 6734.73
20060906 6688.4
20060907 6685.23
20060908 6693.11
20060911 6693.88
20060912 6625.73
20060913 6664.87
20060914 6598.87
20060915 6681.09
20060918 6882.48
20060919 6881.87
20060920 6877.77
20060921 6889.89
20060922 6885.6
20060925 6911.21
20060926 6901.75
20060927 6946.27
20060928 6885.12
20060929 6883.05
20061002 6960.95
20061003 6956.88
20061004 6874.98
20061005 6997.24
20061011 7006.67
20061012 6984.58
20061013 7068.8
20061014 7076.85
20061016 7151.42
20061017 7075.13
20061018 7017.6
20061019 6995.83
20061020 7039.37
20061023 7040.26
20061024 7097.42
20061025 7059.89
20061026 7080.84
20061027 7086.74
20061030 6995.2
20061031 7021.32
20061101 7013.99
20061102 7078.1
20061103 7161.61
20061106 7120.44
20061107 7184.65
20061108 7178.34
20061109 7151.13
20061110 7174.2
20061113 7136.06
20061114 7204.04
20061115 7236.85
20061116 7257.48
20061117 7259.54
20061120 7261.48
20061121 7309.69
20061122 7348.77
20061123 7384.69
20061124 7427.36
20061127 7498.15
20061128 7444.94
20061129 7474.19
20061130 7567.72
20061201 7613.57
20061204 7647.01
20061205 7609.9
20061206 7693.33
20061207 7686.52
20061208 7636.3
20061211 7612.12
20061212 7458.56
20061213 7450.3
20061214 7480.41
20061215 7538.82
20061218 7624.62
20061219 7598.88
20061220 7648.35
20061221 7620.94
20061222 7652.47
20061225 7646.81
20061226 7727.59
20061227 7733.18
20061228 7732.93
20061229 7823.72
20070102 7920.8
20070103 7917.3
20070104 7934.51
20070105 7835.57
20070108 7736.71
20070109 7790.01
20070110 7698.52
20070111 7618.55
20070112 7761.71
20070115 7783.5
20070116 7792.08
20070117 7833.98
20070118 7895.18
20070119 7840.08
20070122 7842.47
20070123 7852.36
20070124 7935.54
20070125 7923.77
20070126 7821.32
20070129 7751.79
20070130 7739.91
20070131 7699.64
20070201 7701.54
20070202 7777.03
20070205 7783.12
20070206 7875.75
20070207 7850.06
20070208 7842.22
20070209 7859.53
20070212 7776.36
20070213 7736.83
20070214 7809.45
20070226 7900.2
20070227 7901.96
20070301 7678.67
20070302 7670.77
20070303 7630.15
20070305 7344.56
20070306 7451.06
20070307 7480.89
20070308 7573.87
20070309 7568.2
20070312 7629.15
20070313 7684
20070314 7570.27
20070315 7695.96
20070316 7719.8
20070319 7737.46
20070320 7736.2
20070321 7757.03
20070322 7823.67
20070323 7859.32
20070326 7877.82
20070327 7845.17
20070328 7788.14
20070329 7848.33
20070330 7884.41
20070402 7884.99
20070403 7932.91
20070404 8004.61
20070409 8056.56
20070410 8048.39
20070411 8084.45
20070412 8075.2
20070413 8002.3
20070414 8045.12
20070416 8043.54
20070417 7959.29
20070418 8003.31
20070419 7888.63
20070420 7942.67
20070423 8010.46
20070424 8045.01
20070425 7984.65
20070426 8000.04
20070427 7949.42
20070430 7875.42
20070502 7903.04
20070503 7926.66
20070504 8066.06
20070507 8115.27
20070508 8095.84
20070509 8052.7
20070510 8096.86
20070511 8031.54
20070514 8030.56
20070515 7975.03
20070516 7988.57
20070517 8037.96
20070518 8034.14
20070521 8141.59
20070522 8188.63
20070523 8221.79
20070524 8216.41
20070525 8159.97
20070528 8156.82
20070529 8181.49
20070530 8147.34
20070531 8144.95
20070601 8249.9
20070604 8294.79
20070605 8303.99
20070606 8314.68
20070607 8355.26
20070608 8300.71
20070611 8338.88
20070612 8370.26
20070613 8346.39
20070614 8450.72
20070615 8573.64
20070620 8755.88
20070621 8851.99
20070622 8846.39
20070623 8812.91
20070625 8939.19
20070626 8865.75
20070627 8844.22
20070628 8892.83
20070629 8883.21
20070702 8939.49
20070703 8996.2
20070704 9068.98
20070705 9148.78
20070706 9188.31
20070709 9369.84
20070710 9384.73
20070711 9290.95
20070712 9354.41
20070713 9471.3
20070716 9417.32
20070717 9509.73
20070718 9485.35
20070719 9473.31
20070720 9585.9
20070723 9621.57
20070724 9744.06
20070725 9740.13
20070726 9566.42
20070727 9162.28
20070730 9072.57
20070731 9287.25
20070801 8891.88
20070802 8950.57
20070803 9057.82
20070806 8941.73
20070807 8862.31
20070808 9099.46
20070809 9182.6
20070810 8931.31
20070813 8938.96
20070814 8910.99
20070815 8593.04
20070816 8201.37
20070817 8090.29
20070820 8515.6
20070821 8479.08
20070822 8493.46
20070823 8732.84
20070824 8690.09
20070827 8718.31
20070828 8727.55
20070829 8643.32
20070830 8771.21
20070831 8982.16
20070903 8979.96
20070904 8922.98
20070905 8913.85
20070906 9017.08
20070907 9018.08
20070910 8937.58
20070911 9003.12
20070912 9018.12
20070913 8927.42
20070914 9031.63
20070917 8899.91
20070919 8926.38
20070920 8983.03
20070921 9105.28
20070926 9257.47
20070927 9413.65
20070928 9411.95
20070929 9476.52
20071001 9488.5
20071002 9623.25
20071003 9700.07
20071004 9627.39
20071005 9617.26
20071008 9717.17
20071009 9639.83
20071011 9697.67
20071012 9496.47
20071015 9518.45
20071016 9592.47
20071017 9562.16
20071018 9637.07
20071019 9611.72
20071022 9360.63
20071023 9502.39
20071024 9442.62
20071025 9568.26
20071026 9631.51
20071029 9809.88
20071030 9757.93
20071031 9711.37
20071101 9598.23
20071102 9273.09
20071105 9308.6
20071106 9292.8
20071107 9300.22
20071108 8937.58
20071109 8970.92
20071112 8670.61
20071113 8727.21
20071114 8942.93
20071115 8905.41
20071116 8764.82
20071119 8680.71
20071120 8680.86
20071121 8484.11
20071122 8499.37
20071123 8342.2
20071126 8528.33
20071127 8375.76
20071128 8276.26
20071129 8447.03
20071130 8586.4
20071203 8583.84
20071204 8651.28
20071205 8676.95
20071206 8694.41
20071207 8722.38
20071210 8598.03
20071211 8638.33
20071212 8490.84
20071213 8187.95
20071214 8118.08
20071217 7830.85
20071218 7807.39
20071219 8014.31
20071220 7857.08
20071221 7941.44
20071224 8135.48
20071225 8167.07
20071226 8156.39
20071227 8313.72
20071228 8396.95
20071231 8506.28
20080102 8323.05
20080103 8184.2
20080104 8221.1
20080107 7883.37
20080108 7962.91
20080109 8085.06
20080110 8057.27
20080111 8029.31
20080114 8173.41
20080115 8428.84
20080116 8179.54
20080117 8101.63
20080118 8184.65
20080121 8110.2
20080122 7581.96
20080123 7408.4
20080124 7517.05
20080125 7739.59
20080128 7485.79
20080129 7576.42
20080130 7543.5
20080131 7521.13
20080201 7673.99
20080212 7553.3
20080213 7550.55
20080214 7865.28
20080215 7876.37
20080218 7890.9
20080219 8024.41
20080220 7894.47
20080221 8085.93
20080222 8108.71
20080225 8286.31
20080226 8307.67
20080227 8462.08
20080229 8412.76
20080303 8262.87
20080304 8470.11
20080305 8483.95
20080306 8658.64
20080307 8531.38
20080310 8299.37
20080311 8381.6
20080312 8435.3
20080313 8210.99
20080314 8161.39
20080317 8005.46
20080318 8057.82
20080319 8179.35
20080320 8337.62
20080321 8524.99
20080324 8865.35
20080325 8795.09
20080326 8768.02
20080327 8605.95
20080328 8623.48
20080331 8572.59
20080401 8419.72
20080402 8605.32
20080403 8596.34
20080407 8729.79
20080408 8672.85
20080409 8667.93
20080410 8829.4
20080411 8909.58
20080414 8892.68
20080415 8924.78
20080416 9066.04
20080417 9090.43
20080418 9074.34
20080421 9083.32
20080422 9037.25
20080423 9008.49
20080424 8990.33
20080425 8947.83
20080428 9079.6
20080429 8891.74
20080430 8919.92
20080502 8963.63
20080505 8837.07
20080506 8857.37
20080507 8926.34
20080508 8866.62
20080509 8792.39
20080512 8830.05
20080513 8989.53
20080514 9018.42
20080515 9157.18
20080516 9197.41
20080519 9295.2
20080520 9068.89
20080521 9015.57
20080522 9008.03
20080523 8834.73
20080526 8707.83
20080527 8778.39
20080528 8665.73
20080529 8684.92
20080530 8619.08
20080602 8724.47
20080603 8579.43
20080604 8627.8
20080605 8738.46
20080606 8745.35
20080609 8587.96
20080610 8370
20080611 8345.59
20080612 8062.31
20080613 8105.59
20080616 8169.77
20080617 8201.79
20080618 8217.58
20080619 8047.74
20080620 7902.44
20080623 7876.49
20080624 7738.12
20080625 7855.06
20080626 7811.8
20080627 7548.76
20080630 7523.54
20080701 7407.98
20080702 7353.86
20080703 7394.1
20080704 7228.41
20080707 7341.11
20080708 7051.85
20080709 7048.25
20080710 7075.65
20080711 7244.76
20080714 7156.96
20080715 6834.24
20080716 6710.64
20080717 6974.51
20080718 6815.32
20080721 7085.67
20080722 7065.65
20080723 7309.83
20080724 7368.08
20080725 7233.62
20080729 7014.47
20080730 7070.35
20080731 7024.06
20080801 7002.54
20080804 6977.36
20080805 6813.4
20080806 7026.24
20080807 7024.58
20080808 7209.04
20080811 7325.62
20080812 7293.8
20080813 7292.34
20080814 7326.07
20080815 7196.5
20080818 7000.74
20080819 6978.6
20080820 7040.9
20080821 6918.48
20080822 6911.64
20080825 7030.72
20080826 6964.6
20080827 7080.97
20080828 7033.37
20080829 7046.11
20080901 6813.09
20080902 6699.82
20080903 6584.93
20080904 6412.63
20080905 6307.28
20080908 6658.69
20080909 6424.77
20080910 6458.01
20080911 6251.95
20080912 6310.68
20080915 6052.45
20080916 5756.59
20080917 5800.87
20080918 5641.95
20080919 5970.38
20080922 6110.6
20080923 6182.21
20080924 6132.6
20080925 6060.83
20080926 5929.63
20080930 5719.28
20081001 5764.01
20081002 5703.72
20081003 5742.23
20081006 5505.7
20081007 5524.66
20081008 5206.4
20081009 5130.71
20081013 5020.44
20081014 5291.56
20081015 5246.26
20081016 5075.97
20081017 4960.4
20081020 4931.84
20081021 4942.72
20081022 4862.59
20081023 4730.51
20081024 4579.62
20081027 4366.87
20081028 4399.97
20081029 4406.52
20081030 4683.64
20081031 4870.66
20081103 4995.06
20081104 4992.63
20081105 4978.26
20081106 4694.12
20081107 4742.33
20081110 4740.27
20081111 4638.57
20081112 4615.57
20081113 4437.83
20081114 4452.7
20081117 4439.8
20081118 4305.18
20081119 4284.09
20081120 4089.93
20081121 4171.1
20081124 4160.54
20081125 4266.49
20081126 4271.8
20081127 4453.75
20081128 4460.49
20081201 4518.43
20081202 4356.98
20081203 4307.26
20081204 4254.96
20081205 4225.07
20081208 4418.33
20081209 4472.66
20081210 4658.87
20081211 4655.57
20081212 4481.27
20081215 4613.72
20081216 4616.89
20081217 4648.02
20081218 4694.81
20081219 4694.52
20081222 4535.54
20081223 4405.86
20081224 4423.09
20081225 4413.45
20081226 4425.08
20081229 4416.16
20081230 4589.04
20081231 4591.22
20090105 4698.31
20090106 4727.26
20090107 4789.84
20090108 4535.79
20090109 4502.74
20090110 4467.53
20090112 4453.9
20090113 4532.36
20090114 4521.47
20090115 4320.77
20090116 4353.7
20090117 4366.1
20090119 4366.76
20090120 4242.61
20090121 4247.97
20090202 4259.98
20090203 4372.81
20090204 4389.97
20090205 4363.25
20090206 4471.25
20090209 4494.59
20090210 4526.1
20090211 4575.95
20090212 4466.42
20090213 4592.5
20090216 4591.26
20090217 4491.78
20090218 4498.37
20090219 4528.87
20090220 4436.94
20090223 4477.78
20090224 4430.18
20090225 4493.74
20090226 4518.56
20090227 4557.15
20090302 4425.83
20090303 4435.34
20090304 4541.42
20090305 4637.2
20090306 4653.63
20090309 4628.24
20090310 4671.02
20090311 4759.96
20090312 4754.65
20090313 4897.39
20090316 4971.32
20090317 5041.39
20090318 5047.54
20090319 5035.93
20090320 4961.62
20090323 5124.18
20090324 5242.18
20090325 5346.38
20090326 5386.56
20090327 5390.7
20090330 5206.05
20090331 5210.84
20090401 5314.45
20090402 5473.78
20090403 5529.63
20090406 5556.22
20090407 5576.85
20090408 5443.56
20090409 5667.8
20090410 5781.96
20090413 5857.64
20090414 5892.68
20090415 5875.19
20090416 5997.17
20090417 5755.38
20090420 5781.66
20090421 5881.41
20090422 5886.11
20090423 5875.24
20090424 5880.77
20090427 5705.05
20090428 5596.73
20090429 5614.06
20090430 5992.57
20090504 6330.4
20090505 6379.94
20090506 6566.7
20090507 6572.87
20090508 6583.87
20090511 6647.5
20090512 6432.55
20090513 6485.14
20090514 6364.17
20090515 6489.09
20090518 6577.81
20090519 6655.59
20090520 6703.62
20090521 6718.81
20090522 6737.29
20090525 6734.46
20090526 6683.11
20090527 6890.44
20090601 6954.1
20090602 6949.08
20090603 6893.14
20090604 6786.06
20090605 6767.1
20090606 6856.74
20090608 6628.02
20090609 6414.39
20090610 6462.27
20090611 6567.37
20090612 6448.23
20090615 6225.56
20090616 6220.81
20090617 6195.91
20090618 6144.53
20090619 6231.15
20090622 6341.21
20090623 6197.47
20090624 6380.08
20090625 6457.61
20090626 6463.56
20090629 6391.15
20090630 6432.16
20090701 6578.97
20090702 6667.53
20090703 6665.4
20090706 6649.91
20090707 6715.22
20090708 6668.14
20090709 6748.18
20090710 6769.86
20090713 6530.82
20090714 6639.41
20090715 6738.6
20090716 6780.3
20090717 6850.99
20090720 6938.86
20090721 6953.34
20090722 6985.32
20090723 6980.88
20090724 6973.28
20090727 7028.43
20090728 7142.63
20090729 7083.63
20090730 7027.11
20090731 7077.71
20090803 7056.71
20090804 6955.87
20090805 6848.24
20090806 6868.65
20090810 6882.87
20090811 6909.02
20090812 6898.9
20090813 7034.96
20090814 7069.51
20090817 6931.8
20090818 6789.77
20090819 6788.58
20090820 6733.23
20090821 6654.8
20090824 6838.25
20090825 6809.41
20090826 6719.21
20090827 6690.75
20090828 6809.86
20090831 6825.95
20090901 7019.75
20090902 7039.77
20090903 7104.65
20090904 7153.13
20090907 7224.59
20090908 7313.99
20090909 7250.72
20090910 7332.08
20090911 7337.14
20090914 7256.95
20090915 7346.26
20090916 7440.24
20090917 7477.3
20090918 7526.55
20090921 7502.46
20090922 7469.03
20090923 7376.76
20090924 7324.22
20090925 7345.22
20090928 7284.61
20090929 7429.98
20090930 7509.17
20091001 7545.29
20091002 7411.88
20091005 7437.98
20091006 7536.05
20091007 7608.66
20091008 7503.31
20091009 7571.96
20091012 7599.88
20091013 7596.6
20091014 7695.75
20091015 7710.4
20091016 7715.1
20091019 7751.32
20091020 7753.52
20091021 7701.5
20091022 7607.93
20091023 7649.28
20091026 7668.4
20091027 7657.34
20091028 7533.95
20091029 7355.69
20091030 7340.08
20091102 7335.18
20091103 7322.93
20091104 7467.04
20091105 7417.46
20091106 7463.05
20091109 7536.7
20091110 7593.49
20091111 7668.06
20091112 7670.93
20091113 7665.63
20091116 7792.68
20091117 7733.21
20091118 7766.69
20091119 7759.98
20091120 7682.97
20091123 7687.15
20091124 7714.56
20091125 7756.31
20091126 7739.16
20091127 7490.91
20091130 7582.21
20091201 7649.23
20091202 7677.62
20091203 7684.67
20091204 7650.91
20091207 7775.64
20091208 7768.71
20091209 7797.42
20091210 7677.91
20091211 7795.07
20091214 7819.13
20091215 7807.62
20091216 7751.6
20091217 7742.17
20091218 7753.63
20091221 7787.27
20091222 7856
20091223 7901.5
20091224 7963.54
20091225 7972.59
20091228 8057.49
20091229 8053.83
20091230 8112.28
20091231 8188.11
20100104 8207.85
20100105 8211.4
20100106 8327.62
20100107 8237.42
20100108 8280.9
20100111 8323.82
20100112 8309.37
20100113 8196.56
20100114 8289.98
20100115 8356.89
20100118 8337.82
20100119 8249
20100120 8220.93
20100121 8127.87
20100122 7927.31
20100125 7872.99
20100126 7598.81
20100127 7560.03
20100128 7694.58
20100129 7640.44
20100201 7524.67
20100202 7429.61
20100203 7547.98
20100204 7542.04
20100205 7217.83
20100206 7212.87
20100208 7215.88
20100209 7361.04
20100210 7441.84
20100222 7560.04
20100223 7597.44
20100224 7529.67
20100225 7426.96
20100226 7436.1
20100301 7577.75
20100302 7597.62
20100303 7629.52
20100304 7569.8
20100305 7666.26
20100308 7762.27
20100309 7770.59
20100310 7779.08
20100311 7749.66
20100312 7748.33
20100315 7634.92
20100316 7695.63
20100317 7847.84
20100318 7886.34
20100319 7897.91
20100322 7835.98
20100323 7811.87
20100324 7822.71
20100325 7838.1
20100326 7876.86
20100329 7947.45
20100330 7962.22
20100331 7920.06
20100401 8013.09
20100402 8025.93
20100406 8089.65
20100407 8121.78
20100408 8057.6
20100409 8092.03
20100412 8117.75
20100413 8029.73
20100414 8097.13
20100415 8171.94
20100416 8111.57
20100419 7854.22
20100420 7900.42
20100421 7990.53
20100422 7978.69
20100423 8004.89
20100426 8158.14
20100427 8146.44
20100428 8081.55
20100429 8054.05
20100430 8004.25
20100503 7952.17
20100504 7930.77
20100505 7696.9
20100506 7579.48
20100507 7567.1
20100510 7664.73
20100511 7608.44
20100512 7602.7
20100513 7770.57
20100514 7772.13
20100517 7598.72
20100518 7585.3
20100519 7559.16
20100520 7424.43
20100521 7237.71
20100524 7322.73
20100525 7086.37
20100526 7167.35
20100527 7243.16
20100528 7295.32
20100531 7373.98
20100601 7289.33
20100602 7195.71
20100603 7360.28
20100604 7344.59
20100607 7157.83
20100608 7151.99
20100609 7071.67
20100610 7181.77
20100611 7299.49
20100614 7387.4
20100615 7454.06
20100617 7515.78
20100618 7493.11
20100621 7635.56
20100622 7612.68
20100623 7582.15
20100624 7589.89
20100625 7474.71
20100628 7500.79
20100629 7423.57
20100630 7329.37
20100701 7254.06
20100702 7330.74
20100705 7439.96
20100706 7548.48
20100707 7534.46
20100708 7608.85
20100709 7647.25
20100712 7639.55
20100713 7597.42
20100714 7714.51
20100715 7704.52
20100716 7664.57
20100719 7649.83
20100720 7712.03
20100721 7701.29
20100722 7666.34
20100723 7761.22
20100726 7787.45
20100727 7748.01
20100728 7784.81
20100729 7798.99
20100730 7760.63
20100802 7911.68
20100803 7957.53
20100804 7972.66
20100805 7936.85
20100806 7963.3
20100809 8034.49
20100810 7976.74
20100811 7895.03
20100812 7829.79
20100813 7891.58
20100816 7941.22
20100817 7931.09
20100818 7924.1
20100819 7928.94
20100820 7927.31
20100823 7975.93
20100824 7940.64
20100825 7736.98
20100826 7689.74
20100827 7722.91
20100830 7741.2
20100831 7616.28
20100901 7668.25
20100902 7720.82
20100903 7830.21
20100906 7890.95
20100907 7884.4
20100908 7851.31
20100909 7835.54
20100910 7890.11
20100913 8091.3
20100914 8132.6
20100915 8163.82
20100916 8099.75
20100917 8158.33
20100920 8186.96
20100921 8196.4
20100923 8202.54
20100924 8166.62
20100927 8191.54
20100928 8189.44
20100929 8240.89
20100930 8237.78
20101001 8244.18
20101004 8246.1
20101005 8200.43
20101006 8284.03
20101007 8283.92
20101008 8244.19
20101011 8176.76
20101012 8090.22
20101013 8106.66
20101014 8215.45
20101015 8205.3
20101018 8060.54
20101019 8046.23
20101020 8124.62
20101021 8131.23
20101022 8168.06
20101025 8306.98
20101026 8343.23
20101027 8291.04
20101028 8354.05
20101029 8287.09
20101101 8379.75
20101102 8344.76
20101103 8293.9
20101104 8357.85
20101105 8449.34
20101108 8430.58
20101109 8445.63
20101110 8450.63
20101111 8436.95
20101112 8316.05
20101115 8240.65
20101116 8312.21
20101117 8255.54
20101118 8283.45
20101119 8306.12
20101122 8374.91
20101123 8328.63
20101124 8297.05
20101125 8349.99
20101126 8312.15
20101129 8367.17
20101130 8372.48
20101201 8520.11
20101202 8585.77
20101203 8624.01
20101206 8702.23
20101207 8704.39
20101208 8703.79
20101209 8753.84
20101210 8718.83
20101213 8736.59
20101214 8740.43
20101215 8756.71
20101216 8782.2
20101217 8817.9
20101220 8768.72
20101221 8827.79
20101222 8860.49
20101223 8898.87
20101224 8861.1
20101227 8892.31
20101228 8870.76
20101229 8866.35
20101230 8907.91
20101231 8972.5
20110103 9025.3
20110104 8997.19
20110105 8846.31
20110106 8883.21
20110107 8782.72
20110110 8817.88
20110111 8931.36
20110112 8965
20110113 8975.58
20110114 8972.51
20110117 8925.09
20110118 8988
20110119 9086.02
20110120 9022.17
20110121 8954.38
20110124 8947.79
20110125 8991.39
20110126 9055.59
20110127 9102.33
20110128 9145.35
20110208 9111.46
20110209 9006.82
20110210 8836.56
20110211 8609.86
20110214 8685.47
20110215 8721.93
20110216 8712.96
20110217 8683.88
20110218 8843.84
20110221 8839.22
20110222 8673.67
20110223 8528.94
20110224 8541.64
20110225 8599.65
20110301 8727.56
20110302 8619.9
20110303 8738.37
20110304 8784.4
20110307 8713.79
20110308 8747.75
20110309 8750.02
20110310 8642.9
20110311 8567.82
20110314 8520.02
20110315 8234.78
20110316 8324.58
20110317 8282.69
20110318 8394.75
20110321 8467.71
20110322 8508.04
20110323 8545.08
20110324 8576.4
20110325 8610.39
20110328 8553.06
20110329 8596.57
20110330 8646.31
20110331 8683.3
20110401 8705.13
20110406 8851.98
20110407 8901.72
20110408 8894.54
20110411 8880.27
20110412 8732.59
20110413 8780.2
20110414 8802.73
20110415 8718.12
20110418 8714.48
20110419 8638.55
20110420 8813.28
20110421 8957.65
20110422 8969.43
20110425 8950.75
20110426 8948.14
20110427 9049.25
20110428 9040.77
20110429 9007.87
20110503 8946.08
20110504 8947.35
20110505 9018.61
20110506 8977.23
20110509 9035.48
20110510 9023.28
20110511 9020.4
20110512 9033.68
20110513 9006.61
20110516 8911.71
20110517 8884.09
20110518 8944.84
20110519 8892.88
20110520 8837.03
20110523 8747.51
20110524 8756.61
20110525 8727.09
20110526 8788.4
20110527 8810
20110530 8823.68
20110531 8988.84
20110601 9062.35
20110602 8991.36
20110603 9046.28
20110607 9057.1
20110608 9007.53
20110609 9000.94
20110610 8837.82
20110613 8712.95
20110614 8829.21
20110615 8831.45
20110616 8654.43
20110617 8636.1
20110620 8530.68
20110621 8597.62
20110622 8621.04
20110623 8567.28
20110624 8532.83
20110627 8500.16
20110628 8478.86
20110629 8573.38
20110630 8652.59
20110701 8739.82
20110704 8774.72
20110705 8784.44
20110706 8824.44
20110707 8773.42
20110708 8749.55
20110711 8665.85
20110712 8491.01
20110713 8488.06
20110714 8481.35
20110715 8574.91
20110718 8538.57
20110719 8524.57
20110720 8706.17
20110721 8717.14
20110722 8765.32
20110725 8683.51
20110726 8794.24
20110727 8817.49
20110728 8767.2
20110729 8644.18
20110801 8701.38
20110802 8584.72
20110803 8456.86
20110804 8317.27
20110805 7853.13
20110808 7552.8
20110809 7493.12
20110810 7736.32
20110811 7719.09
20110812 7637.02
20110815 7819.39
20110816 7798.59
20110817 7741.76
20110818 7614.97
20110819 7342.96
20110822 7312.59
20110823 7550.23
20110824 7502.93
20110825 7410.87
20110826 7445.1
20110829 7578.01
20110830 7646.19
20110831 7741.36
20110901 7757.76
20110902 7757.06
20110905 7551.57
20110906 7367.19
20110907 7529.01
20110908 7548.37
20110909 7610.57
20110913 7391.37
20110914 7228.47
20110915 7385.68
20110916 7577.4
20110919 7480.88
20110920 7492.85
20110921 7535.88
20110922 7305.5
20110923 7046.22
20110926 6877.12
20110927 7089.95
20110928 7146.98
20110929 7182.61
20110930 7225.38
20111003 7013.97
20111004 7047.87
20111005 6989.15
20111006 7132
20111007 7211.96
20111011 7398.71
20111012 7382.35
20111013 7428.33
20111014 7358.08
20111017 7461.12
20111018 7359.48
20111019 7353.37
20111020 7244.32
20111021 7254.51
20111024 7470.3
20111025 7491.21
20111026 7535.82
20111027 7565.21
20111028 7616.06
20111031 7587.69
20111101 7622.01
20111102 7598.45
20111103 7460.31
20111104 7603.23
20111107 7621.72
20111108 7600.79
20111109 7561.86
20111110 7308.68
20111111 7367.29
20111114 7525.65
20111115 7491.06
20111116 7387.52
20111117 7387.81
20111118 7233.78
20111121 7042.64
20111122 7000.03
20111123 6806.43
20111124 6864.39
20111125 6784.52
20111128 6898.78
20111129 6988.65
20111130 6904.12
20111201 7178.69
20111202 7140.68
20111205 7098.08
20111206 6956.28
20111207 7033
20111208 6982.9
20111209 6893.3
20111212 6949.04
20111213 6896.31
20111214 6922.57
20111215 6764.59
20111216 6785.09
20111219 6633.33
20111220 6662.64
20111221 6966.48
20111222 6966.35
20111223 7110.73
20111226 7092.58
20111227 7085.03
20111228 7056.67
20111229 7074.82
20111230 7072.08
20120102 6952.21
20120103 7053.38
20120104 7082.97
20120105 7130.86
20120106 7120.51
20120109 7093.04
20120110 7178.87
20120111 7188.21
20120112 7186.58
20120113 7181.54
20120116 7103.62
20120117 7221.08
20120118 7233.69
20120130 7407.41
20120131 7517.08
20120201 7549.21
20120202 7652.46
20120203 7674.99
20120204 7741.24
20120206 7687.98
20120207 7707.44
20120208 7869.91
20120209 7910.78
20120210 7862.27
20120213 7912.91
20120214 7884.08
20120215 8005.24
20120216 7869.7
20120217 7894.36
20120220 7954.82
20120221 7921.5
20120222 8001.68
20120223 7937.3
20120224 7959.34
20120229 8121.44
20120301 8118.34
20120302 8144.04
20120303 8114.44
20120305 8004.74
20120306 7937.97
20120307 7903.08
20120308 7984.56
20120309 8016.01
20120312 7927.55
20120313 8031.51
20120314 8125.26
20120315 8121.62
20120316 8054.94
20120319 8043.92
20120320 7972.7
20120321 7981.94
20120322 8059.94
20120323 8076.61
20120326 7967.62
20120327 8029.46
20120328 8038.07
20120329 7872.66
20120330 7933
20120402 7862.9
20120403 7760.85
20120405 7639.82
20120406 7706.26
20120409 7600.87
20120410 7640.68
20120411 7656.67
20120412 7662.92
20120413 7788.27
20120416 7729.86
20120417 7585.87
20120418 7605
20120419 7622.69
20120420 7507.15
20120423 7481.09
20120424 7498.84
20120425 7563.18
20120426 7521.35
20120427 7480.5
20120430 7501.72
20120502 7676.81
20120503 7659.53
20120504 7700.95
20120507 7538.08
20120508 7545.71
20120509 7475.71
20120510 7484.01
20120511 7401.37
20120514 7377.18
20120515 7395.64
20120516 7234.57
20120517 7356.77
20120518 7151.19
20120521 7192.23
20120522 7274.89
20120523 7147.75
20120524 7124.89
20120525 7071.63
20120528 7136
20120529 7342.29
20120530 7261.8
20120531 7301.5
20120601 7106.09
20120604 6894.66
20120605 7000.45
20120606 7056.15
20120607 7080.31
20120608 6999.65
20120611 7120.23
20120612 7072.08
20120613 7088.83
20120614 7075.1
20120615 7155.83
20120618 7281.5
20120619 7273.13
20120620 7334.63
20120621 7279.05
20120622 7222.05
20120625 7166.38
20120626 7137.93
20120627 7183.01
20120628 7169.61
20120629 7296.28
20120702 7345.16
20120703 7418.36
20120704 7422.59
20120705 7387.78
20120706 7368.59
20120709 7309.96
20120710 7251.35
20120711 7257.91
20120712 7130.93
20120713 7104.27
20120716 7090.04
20120717 7127
20120718 7049.05
20120719 7148.57
20120720 7164.68
20120723 7028.73
20120724 7008.35
20120725 6979.13
20120726 6970.69
20120727 7124.49
20120730 7158.88
20120731 7270.49
20120801 7267.96
20120803 7217.51
20120806 7286.33
20120807 7295.46
20120808 7319.8
20120809 7433.7
20120810 7441.12
20120813 7436.3
20120814 7479.25
20120815 7467.74
20120816 7490.21
20120817 7467.92
20120820 7431.91
20120821 7506.81
20120822 7496.58
20120823 7505.17
20120824 7477.53
20120827 7468.22
20120828 7361.94
20120829 7391.15
20120830 7371.44
20120831 7397.06
20120903 7450.53
20120904 7451.35
20120905 7367.44
20120906 7326.72
20120907 7424.91
20120910 7482.74
20120911 7485.13
20120912 7570.45
20120913 7578.8
20120914 7738.05
20120917 7762.22
20120918 7734.26
20120919 7781.91
20120920 7727.55
20120921 7754.59
20120924 7768.3
20120925 7734.13
20120926 7669.63
20120927 7683.8
20120928 7715.16
20121001 7675.72
20121002 7718.68
20121003 7684.63
20121004 7682.34
20121005 7690.65
20121008 7615.89
20121009 7592.01
20121011 7451.72
20121012 7437.04
20121015 7418.9
20121016 7471.02
20121017 7464.4
20121018 7465.41
20121019 7408.76
20121022 7373.04
20121023 7337.48
20121024 7314.88
20121025 7262.08
20121026 7134.06
20121029 7091.67
20121030 7182.59
20121031 7166.05
20121101 7179.64
20121102 7210.47
20121105 7185.36
20121106 7236.68
20121107 7287.18
20121108 7242.63
20121109 7293.22
20121112 7267.75
20121113 7136.05
20121114 7159.75
20121115 7143.84
20121116 7130.07
20121119 7129.04
20121120 7145.77
20121121 7088.49
20121122 7105.76
20121123 7326.01
20121126 7407.37
20121127 7430.2
20121128 7434.93
20121129 7503.55
20121130 7580.17
20121203 7599.91
20121204 7600.98
20121205 7649.05
20121206 7623.26
20121207 7642.26
20121210 7609.5
20121211 7613.69
20121212 7690.19
20121213 7757.09
20121214 7698.77
20121217 7631.28
20121218 7643.74
20121219 7677.47
20121220 7595.46
20121221 7519.93
20121222 7540.14
20121224 7535.52
20121225 7636.57
20121226 7634.19
20121227 7648.41
20121228 7699.5
20130102 7779.22
20130103 7836.84
20130104 7805.99
20130107 7755.09
20130108 7721.66
20130109 7738.64
20130110 7811.64
20130111 7819.15
20130114 7823.97
20130115 7765.02
20130116 7700.43
20130117 7616.64
20130118 7732.87
20130121 7724.92
20130122 7759.1
20130123 7744.18
20130124 7695.99
20130125 7672.58
20130128 7714.67
20130129 7802
20130130 7832.98
20130131 7850.02
20130201 7855.97
20130204 7923.16
20130205 7886.94
20130206 7906.65
20130218 7943.53
20130219 7960.88
20130220 8029.1
20130221 7957.46
20130222 7947.72
20130223 7986.89
20130225 7947.68
20130226 7880.9
20130227 7897.98
20130301 7964.63
20130304 7867.34
20130305 7932.71
20130306 7950.3
20130307 7960.51
20130308 8015.14
20130311 8038.72
20130312 7994.71
20130313 7995.51
20130314 7951.76
20130315 7927.49
20130318 7811.34
20130319 7838.47
20130320 7798.03
20130321 7811.84
20130322 7796.22
20130325 7856.12
20130326 7856.36
20130327 7894.12
20130328 7866.88
20130329 7918.61
20130401 7899.24
20130402 7913.18
20130403 7942.35
20130408 7752.79
20130409 7728.54
20130410 7752.8
20130411 7857.98
20130412 7821.63
20130415 7763.53
20130416 7801.05
20130417 7809.07
20130418 7791.35
20130419 7930.8
20130422 7970.38
20130423 7942.77
20130424 8023.71
20130425 8021.75
20130426 8022.06
20130429 8029.74
20130430 8093.66
20130502 8128.51
20130503 8135.03
20130506 8169.05
20130507 8163.06
20130508 8267.09
20130509 8285.89
20130510 8280.26
20130513 8248.32
20130514 8251.82
20130515 8318.59
20130516 8390.05
20130517 8368.19
20130520 8377.05
20130521 8383.05
20130522 8398.84
20130523 8237.83
20130524 8209.78
20130527 8280.1
20130528 8263.05
20130529 8337.9
20130530 8243.29
20130531 8254.8
20130603 8201.02
20130604 8191.22
20130605 8181.91
20130606 8096.14
20130607 8095.2
20130610 8160.55
20130611 8116.15
20130613 7951.66
20130614 7937.74
20130617 7992.89
20130618 8011.02
20130619 8007.39
20130620 7898.91
20130621 7793.31
20130624 7758.03
20130625 7663.23
20130626 7784.8
20130627 7883.9
20130628 8062.21
20130701 8036
20130702 8015.86
20130703 7911.42
20130704 7893.72
20130705 8001.82
20130708 7886.34
20130709 7971.18
20130710 8011.69
20130711 8179.54
20130712 8220.49
20130715 8254.68
20130716 8260.11
20130717 8258.95
20130718 8194.88
20130719 8062.03
20130722 8105.45
20130723 8214.65
20130724 8196.19
20130725 8163.58
20130726 8149.4
20130729 8084.5
20130730 8163.55
20130731 8107.94
20130801 8056.22
20130802 8099.88
20130805 8138.63
20130806 8038.91
20130807 7921.29
20130808 7907.67
20130809 7856.14
20130812 7903.38
20130813 7986.27
20130814 7951.33
20130815 7887.26
20130816 7925
20130819 7900.21
20130820 7832.65
20130822 7814.38
20130823 7873.31
20130826 7894.97
20130827 7820.84
20130828 7824.54
20130829 7917.66
20130830 8021.89
20130902 8038.86
20130903 8088.37
20130904 8083.44
20130905 8169.1
20130906 8164.2
20130909 8192.11
20130910 8208.77
20130911 8208.99
20130912 8225.36
20130913 8168.2
20130914 8142.48
20130916 8255.34
20130917 8249.78
20130918 8209.18
20130923 8292.83
20130924 8299.12
20130925 8283.9
20130926 8184.68
20130927 8230.68
20130930 8173.87
20131001 8187.02
20131002 8216.52
20131003 8359.02
20131004 8364.55
20131007 8333.66
20131008 8375.65
20131009 8344.73
20131011 8349.37
20131014 8273.96
20131015 8367.88
20131016 8332.18
20131017 8374.68
20131018 8441.19
20131021 8419.32
20131022 8418.27
20131023 8393.62
20131024 8413.72
20131025 8346.62
20131028 8407.83
20131029 8420.98
20131030 8465.06
20131031 8450.06
20131101 8388.18
20131104 8354.14
20131105 8262.2
20131106 8281.97
20131107 8283.71
20131108 8229.59
20131111 8182.56
20131112 8195.26
20131113 8104.26
20131114 8134.91
20131115 8177.12
20131118 8191.46
20131119 8260.21
20131120 8204.46
20131121 8099.45
20131122 8116.78
20131125 8187.51
20131126 8248.02
20131127 8295.88
20131128 8362.43
20131129 8406.83
20131202 8414.61
20131203 8392.55
20131204 8418
20131205 8375.54
20131206 8367.72
20131209 8444.62
20131210 8443.39
20131211 8433.77
20131212 8361.33
20131213 8376.94
20131216 8313.87
20131217 8352.93
20131218 8349.04
20131219 8407.4
20131220 8408.53
20131223 8456.46
20131224 8450.49
20131225 8467.76
20131226 8485.89
20131227 8535.04
20131230 8623.43
20131231 8611.51
20140102 8612.54
20140103 8546.54
20140106 8500.01
20140107 8512.3
20140108 8556.01
20140109 8514.68
20140110 8529.35
20140113 8566.2
20140114 8548.14
20140115 8602.55
20140116 8612.11
20140117 8596
20140120 8621.56
20140121 8599.9
20140122 8625.3
20140123 8595.1
20140124 8598.31
20140127 8462.57
20140205 8264.48
20140206 8311.01
20140207 8387.35
20140210 8391.95
20140211 8430.56
20140212 8510.87
20140213 8467.7
20140214 8513.68
20140217 8519.55
20140218 8556.23
20140219 8577.01
20140220 8524.62
20140221 8601.86
20140224 8560.61
20140225 8575.62
20140226 8600.86
20140227 8639.58
20140303 8601.98
20140304 8554.54
20140305 8632.93
20140306 8713.79
20140307 8713.96
20140310 8665.24
20140311 8702.33
20140312 8684.73
20140313 8747.79
20140314 8687.63
20140317 8700.1
20140318 8731.94
20140319 8689.46
20140320 8597.33
20140321 8577.17
20140324 8605.38
20140325 8689.3
20140326 8737.27
20140327 8779.57
20140328 8774.64
20140331 8849.28
20140401 8873.15
20140402 8905.45
20140403 8888.54
20140407 8876.44
20140408 8888.25
20140409 8930.57
20140410 8948.1
20140411 8908.05
20140414 8857.42
20140415 8916.71
20140416 8923.82
20140417 8944.16
20140418 8966.66
20140421 8951.19
20140422 8974.71
20140423 8956.92
20140424 8945.45
20140425 8774.12
20140428 8809.71
20140429 8872.11
20140430 8791.44
20140502 8867.32
20140505 8870.43
20140506 8912.39
20140507 8893.22
20140508 8930.9
20140509 8889.69
20140512 8808.61
20140513 8817.94
20140514 8875.16
20140515 8880.65
20140516 8888.45
20140519 8899.9
20140520 8887.79
20140521 8862.42
20140522 8969.63
20140523 9008.22
20140526 9036.12
20140527 9055.29
20140528 9121.71
20140529 9109
20140530 9075.91
20140603 9123.46
20140604 9119.96
20140605 9140.72
20140606 9134.46
20140609 9162.74
20140610 9222.37
20140611 9229.8
20140612 9204.65
20140613 9196.39
20140616 9202.93
20140617 9240.6
20140618 9279.93
20140619 9316.81
20140620 9273.79
20140623 9228.35
20140624 9246.2
20140625 9242.16
20140626 9320.94
20140627 9306.83
20140630 9393.07
20140701 9441.92
20140702 9484.96
20140703 9526.23
20140704 9510.05
20140707 9520.2
20140708 9530.98
20140709 9489.98
20140710 9565.12
20140711 9495.84
20140714 9520.3
20140715 9569.17
20140716 9484.73
20140717 9408.24
20140718 9400.97
20140721 9440.97
20140722 9499.36
20140724 9527.54
20140725 9439.29
20140728 9420.18
20140729 9391.88
20140730 9447.02
20140731 9315.85
20140801 9266.51
20140804 9330.19
20140805 9141.44
20140806 9143.97
20140807 9131.44
20140808 9085.96
20140811 9172.91
20140812 9163.12
20140813 9231.31
20140814 9230.61
20140815 9206.81
20140818 9141.31
20140819 9243.78
20140820 9288.05
20140821 9253.38
20140822 9380.1
20140825 9390.62
20140826 9393.96
20140827 9485.59
20140828 9478.37
20140829 9436.27
20140901 9513.06
20140902 9399.72
20140903 9450.35
20140904 9428.89
20140905 9407.94
20140909 9434.77
20140910 9357.61
20140911 9322.95
20140912 9223.18
20140915 9217.46
20140916 9133.4
20140917 9195.17
20140918 9237.03
20140919 9240.45
20140922 9134.65
20140923 9084.9
20140924 9098.49
20140925 9011.59
20140926 8989.82
20140929 8960.76
20140930 8966.92
20141001 8990.26
20141002 8975.19
20141003 9106.28
20141006 9095.14
20141007 9040.81
20141008 8955.18
20141009 8966.44
20141013 8711.39
20141014 8768.39
20141015 8655.51
20141016 8633.69
20141017 8512.88
20141020 8663.14
20141021 8654.64
20141022 8748.83
20141023 8731.07
20141024 8646.01
20141027 8627.78
20141028 8773.55
20141029 8903.68
20141030 8888.07
20141031 8974.76
20141103 9004.86
20141104 8989.18
20141105 8962.6
20141106 8891.02
20141107 8912.62
20141110 9049.98
20141111 9034.14
20141112 8918.95
20141113 8980.67
20141114 8982.88
20141117 8884.39
20141118 8859.07
20141119 8963.24
20141120 9078.87
20141121 9091.53
20141124 9122.33
20141125 9116.24
20141126 9122.39
20141127 9165.31
20141128 9187.15
20141201 9117.71
20141202 9034.79
20141203 9175.26
20141204 9225.11
20141205 9206.57
20141208 9187.29
20141209 9128.9
20141210 9032.16
20141211 9013.07
20141212 9027.33
20141215 8985.63
20141216 8950.91
20141217 8828.36
20141218 8878.63
20141219 8999.52
20141222 9095
20141223 9097.71
20141224 9186.18
20141225 9158.7
20141226 9214.07
20141227 9218.5
20141229 9286.28
20141230 9268.43
20141231 9307.26
20150105 9274.11
20150106 9048.34
20150107 9080.09
20150108 9238.03
20150109 9215.58
20150112 9178.3
20150113 9231.8
20150114 9180.23
20150115 9165.09
20150116 9138.29
20150119 9174.06
20150120 9251.69
20150121 9319.71
20150122 9369.51
20150123 9470.94
20150126 9477.67
20150127 9521.59
20150128 9510.92
20150129 9426.9
20150130 9361.91
20150202 9386.99
20150203 9448.73
20150204 9513.92
20150205 9512.05
20150206 9456.18
20150209 9421.5
20150210 9393.7
20150211 9462.22
20150212 9496.31
20150213 9529.51
20150224 9629.37
20150225 9699.54
20150226 9622.1
20150302 9601.36
20150303 9605.77
20150304 9621.73
20150305 9595.09
20150306 9645.77
20150309 9562.98
20150310 9536.53
20150311 9523.18
20150312 9596
20150313 9579.35
20150316 9512.91
20150317 9539.44
20150318 9653.43
20150319 9736.73
20150320 9749.69
20150323 9758.09
20150324 9731.66
20150325 9667.83
20150326 9619.12
20150327 9503.72
20150330 9521.87
20150331 9586.44
20150401 9507.66
20150402 9600.32
20150407 9641.9
20150408 9571.97
20150409 9568.04
20150410 9617.7
20150413 9666.52
20150414 9642.22
20150415 9540.06
20150416 9656.87
20150417 9570.93
20150420 9552.85
20150421 9533.98
20150422 9613
20150423 9797.49
20150424 9913.28
20150427 9973.12
20150428 9956.83
20150429 9853.83
20150430 9820.05
20150504 9845.04
20150505 9820.13
20150506 9818.2
20150507 9704.11
20150508 9692
20150511 9663.72
20150512 9680.73
20150513 9724.11
20150514 9610.83
20150515 9579.48
20150518 9606.1
20150519 9716.77
20150520 9685.31
20150521 9578.56
20150522 9638.8
20150525 9645.17
20150526 9669.41
20150527 9693.54
20150528 9712.84
20150529 9701.07
20150601 9625.69
20150602 9614.26
20150603 9556.52
20150604 9348.63
20150605 9340.13
20150608 9368.43
20150609 9191.87
20150610 9298.5
20150611 9302.49
20150612 9301.93
20150615 9259.48
20150616 9212.78
20150617 9189.83
20150618 9218.37
20150622 9341.77
20150623 9391.14
20150624 9397.31
20150625 9476.34
20150626 9462.57
20150629 9236.1
20150630 9323.02
20150701 9375.23
20150702 9379.24
20150703 9358.23
20150706 9255.96
20150707 9250.16
20150708 8976.11
20150709 8914.13
20150713 9033.92
20150714 9041.76
20150715 9054.2
20150716 9042.21
20150717 9045.98
20150720 8975
20150721 9005.96
20150722 8918.7
20150723 8791.12
20150724 8767.86
20150727 8556.68
20150728 8582.49
20150729 8563.48
20150730 8651.49
20150731 8665.34
20150803 8524.41
20150804 8510.86
20150805 8542.27
20150806 8449.56
20150807 8442.29
20150810 8466.84
20150811 8394.14
20150812 8283.38
20150813 8311.74
20150814 8305.64
20150817 8213.42
20150818 8177.22
20150819 8021.84
20150820 8029.81
20150821 7786.92
20150824 7410.34
20150825 7675.64
20150826 7715.59
20150827 7824.55
20150828 8019.18
20150831 8174.92
20150901 8017.56
20150902 8035.29
20150903 8095.95
20150904 8000.6
20150907 7986.56
20150908 8001.5
20150909 8286.92
20150910 8268.68
20150911 8305.82
20150914 8307.29
20150915 8259.99
20150916 8333.29
20150917 8445.5
20150918 8462.14
20150921 8307.04
20150922 8365.92
20150923 8193.42
20150924 8123.1
20150925 8132.35
20150930 8181.24
20151001 8295.94
20151002 8305.03
20151005 8352.36
20151006 8394.1
20151007 8495.23
20151008 8445.96
20151012 8573.72
20151013 8567.92
20151014 8522.51
20151015 8601.52
20151016 8604.95
20151019 8631.5
20151020 8653.6
20151021 8609.23
20151022 8608.46
20151023 8673.81
20151026 8745.36
20151027 8701.32
20151028 8665.99
20151029 8571.08
20151030 8554.31
20151102 8614.77
20151103 8713.19
20151104 8857.02
20151105 8850.18
20151106 8693.57
20151109 8642.48
20151110 8536.9
20151111 8415.01
20151112 8428.09
20151113 8329.5
20151116 8295.4
20151117 8419.42
20151118 8340.47
20151119 8477.2
20151120 8465.45
20151123 8485.73
20151124 8400.14
20151125 8386.13
20151126 8484.9
20151127 8398.4
20151130 8320.61
20151201 8463.3
20151202 8457.4
20151203 8456.06
20151204 8398.6
20151207 8454.27
20151208 8343.86
20151209 8229.62
20151210 8216.17
20151211 8115.89
20151214 8040.16
20151215 8073.35
20151216 8184.66
20151217 8319.67
20151218 8257.32
20151221 8282.17
20151222 8292.74
20151223 8315.7
20151224 8324.36
20151225 8363.28
20151228 8358.49
20151229 8293.91
20151230 8279.99
20151231 8338.06
20160104 8114.26
20160105 8075.11
20160106 7990.39
20160107 7852.06
20160108 7893.97
20160111 7788.42
20160112 7768.45
20160113 7824.61
20160114 7742.88
20160115 7762.01
20160118 7811.18
20160119 7854.88
20160120 7699.12
20160121 7664.01
20160122 7756.18
20160125 7894.15
20160126 7828.67
20160127 7849.83
20160128 7905.1
20160129 8080.6
20160130 8145.21
20160201 8156.96
20160202 8131.24
20160203 8063
20160215 8066.51
20160216 8212.07
20160217 8214.25
20160218 8314.67
20160219 8325.04
20160222 8326.68
20160223 8334.64
20160224 8282.86
20160225 8365.86
20160226 8411.16
20160301 8485.69
20160302 8544.05
20160303 8611.79
20160304 8643.55
20160307 8659.55
20160308 8664.31
20160309 8634.11
20160310 8660.7
20160311 8706.14
20160314 8747.9
20160315 8611.18
20160316 8699.14
20160317 8734.54
20160318 8810.71
20160321 8812.7
20160322 8785.68
20160323 8766.09
20160324 8743.38
20160325 8704.97
20160328 8690.45
20160329 8617.35
20160330 8737.04
20160331 8744.83
20160401 8657.55
20160406 8513.3
20160407 8490.25
20160408 8541.5
20160411 8562.59
20160412 8531.18
20160413 8652.08
20160414 8667.71
20160415 8700.39
20160418 8666.01
20160419 8633.72
20160420 8514.48
20160421 8568.65
20160422 8535.75
20160425 8560.28
20160426 8581.57
20160427 8563.05
20160428 8473.87
20160429 8377.9
20160503 8294.12
20160504 8185.47
20160505 8167.96
20160506 8146.43
20160509 8131.83
20160510 8156.29
20160511 8135.56
20160512 8108.05
20160513 8053.69
20160516 8067.6
20160517 8140.48
20160518 8159.68
20160519 8095.98
20160520 8131.26
20160523 8344.44
20160524 8300.66
20160525 8396.2
20160526 8394.12
20160527 8463.61
20160530 8535.87
20160531 8535.59
20160601 8597.16
20160602 8556.02
20160603 8587.36
20160604 8591.57
20160606 8597.11
20160607 8679.9
20160608 8715.48
20160613 8536.22
20160614 8576.12
20160615 8606.37
20160616 8494.14
20160617 8568.08
20160620 8625.92
20160621 8684.85
20160622 8716.25
20160623 8676.68
20160624 8476.99
20160627 8458.87
20160628 8505.51
20160629 8586.56
20160630 8666.58
20160701 8738.24
20160704 8760.58
20160705 8716.07
20160706 8575.75
20160707 8640.91
20160711 8786.47
20160712 8841.46
20160713 8857.75
20160714 8866.36
20160715 8949.85
20160718 9008.21
20160719 9034.87
20160720 9007.68
20160721 9056.56
20160722 9013.14
20160725 8991.67
20160726 9024.79
20160727 9063.39
20160728 9076.64
20160729 8984.41
20160801 9080.71
20160802 9068.76
20160803 9001.71
20160804 9024.71
20160805 9092.12
20160808 9150.26
20160809 9155.08
20160810 9200.42
20160811 9131.83
20160812 9150.39
20160815 9148.51
20160816 9110.36
20160817 9117.7
20160818 9122.5
20160819 9034.27
20160822 8981.81
20160823 9030.93
20160824 9017.38
20160825 9115.47
20160826 9131.72
20160829 9110.17
20160830 9110.56
20160831 9068.85
20160901 9001.15
20160902 8987.55
20160905 9090.13
20160906 9181.85
20160907 9259.07
20160908 9262.89
20160909 9164.88
20160910 9053.69
20160912 8947.06
20160913 8940.83
20160914 8902.3
20160919 9152.88
20160920 9161.58
20160921 9228.5
20160922 9235.26
20160923 9284.62
20160926 9194.52
20160929 9270.9
20160930 9166.85
20161003 9234.2
20161004 9287.77
20161005 9272.28
20161006 9284.31
20161007 9265.81
20161011 9219.82
20161012 9252.6
20161013 9219.17
20161014 9165.17
20161017 9176.22
20161018 9222.58
20161019 9283.99
20161020 9317.24
20161021 9306.57
20161024 9322.5
20161025 9385.65
20161026 9362.25
20161027 9299.55
20161028 9306.92
20161031 9290.12
20161101 9272.7
20161102 9139.04
20161103 9067.27
20161104 9068.15
20161107 9189.84
20161108 9217.43
20161109 8943.2
20161110 9152.18
20161111 8957.76
20161114 8940.4
20161115 8931.03
20161116 8962.22
20161117 8995.26
20161118 9008.79
20161121 9041.11
20161122 9133.39
20161123 9178.23
20161124 9152.11
20161125 9159.07
20161128 9222.24
20161129 9192.38
20161130 9240.71
20161201 9263.53
20161202 9189.49
20161205 9160.66
20161206 9250.77
20170103 9272.88
20170104 9286.96
20170105 9358.14
20170106 9372.22
20170109 9342.42
20170110 9349.64
20170111 9345.74
20170112 9410.18
20170113 9378.83
20170116 9292.33
20170117 9354.53
20170118 9341.97
20170119 9318.12
20170120 9331.46
20170123 9424.05
20170124 9447.95
20170202 9428.97
20170203 9455.56
20170206 9538.01
20170207 9554.56
20170208 9543.25
20170209 9590.18
20170210 9665.59
20170213 9710.32
20170214 9718.78
20170215 9799.76
20170216 9771.25
20170217 9759.76
20170218 9779.92
20170220 9753.2
20170221 9763.93
20170222 9778.78
20170223 9769.31
20170224 9750.47
20170301 9674.78
20170302 9691.8
20170303 9648.21
20170306 9682.63
20170307 9738.07
20170308 9753.45
20170309 9658.61
20170310 9627.89
20170313 9697.34
20170314 9744.21
20170315 9740.31
20170316 9837.83
20170317 9908.69
20170320 9912.97
20170321 9972.49
20170322 9922.66
20170323 9930.74
20170324 9902.98
20170327 9876.77
20170328 9876.45
20170329 9856.25
20170330 9848.15
20170331 9811.52
20170405 9949.48
20170406 9897.8
20170407 9873.37
20170410 9882.54
20170411 9832.42
20170412 9817.68
20170413 9836.68
20170414 9732.93
20170417 9716.4
20170418 9746.56
20170419 9639.94
20170420 9632.69
20170421 9717.41
20170424 9717.95
20170425 9841.71
20170426 9856.45
20170427 9860.62
20170428 9872
20170502 9941.27
20170503 9955.33
20170504 9967.64
20170505 9899.94
20170508 9937.25
20170509 9915.48
20170510 9968.32
20170511 10001.5
20170512 9986.82
20170515 10036.8
20170516 10031.5
20170517 10013.7
20170518 9969.45
20170519 9947.62
