19990105 -2.50348
19990106 1.93834
19990107 1.97329
19990108 0.791202
19990111 -1.00478
19990112 -1.02107
19990113 0.409146
19990114 -0.868337
19990115 4.25863
19990116 -0.711667
19990118 -0.91545
19990119 -0.244068
19990120 -0.699274
19990121 -0.00757942
19990122 -1.18831
19990125 -1.78292
19990126 0.527163
19990127 -0.371803
19990128 -0.775832
19990129 -1.74766
19990130 0.821414
19990201 -1.43838
19990202 -2.43156
19990203 1.51732
19990204 -3.44742
19990205 -0.576763
19990206 2.46721
19990208 0.671489
19990209 -1.29662
19990210 2.27138
19990220 0.525782
19990222 1.57046
19990223 -3.1662
19990224 1.15162
19990225 -0.260023
19990226 0.98645
19990301 -0.192112
19990302 -1.25739
19990303 2.24265
19990304 -1.03458
19990305 -0.671004
19990306 -0.873833
19990308 -0.0778356
19990309 0.713775
19990310 0.0567596
19990311 -1.46921
19990312 0.278986
19990315 1.8484
19990316 -0.391437
19990317 0.255942
19990318 0.881812
19990319 0.114748
19990320 -0.189538
19990322 0.286052
19990323 -2.62931
19990324 0.17346
19990325 -0.285152
19990326 0.258587
19990329 -2.06549
19990330 -0.944086
19990331 -0.0158343
19990401 2.06554
19990402 1.89346
19990403 -1.2931
19990406 -0.912175
19990407 -0.760436
19990408 0.953826
19990409 -1.30873
19990412 -0.274841
19990413 0.640505
19990414 0.108787
19990415 1.11251
19990416 -1.63485
19990417 1.35112
19990419 -0.1382
19990420 0.624639
19990421 -2.98036
19990422 -0.608976
19990423 0.134688
19990426 -0.156918
19990427 -1.49118
19990428 -0.881105
19990429 -1.44261
19990430 0.753414
19990503 -0.139585
19990504 2.07869
19990505 -0.291267
19990506 -0.779455
19990507 -0.920578
19990510 0.579072
19990511 -0.741273
19990512 -0.900992
19990513 -0.560736
19990514 1.63771
19990515 0.157573
19990517 -0.361072
19990518 -0.468171
19990519 0.411428
19990520 -0.74071
19990521 -0.430911
19990524 -0.543664
19990525 -1.6871
19990526 0.880079
19990527 -0.254409
19990528 -1.01724
19990529 -0.370468
19990531 -1.64539
19990601 0.999399
19990602 0.83449
19990603 0.272104
19990604 -0.298299
19990605 -0.132956
19990607 1.42254
19990608 -0.111383
19990609 0.371706
19990610 0.0394053
19990611 -0.369087
19990614 -0.624772
19990615 -1.62893
19990616 0.809198
19990617 1.45817
19990621 0.627082
19990622 1.49168
19990623 -1.33859
19990624 1.07567
19990625 -2.39883
19990628 -0.0030187
19990629 1.6304
19990630 -0.899898
19990702 0.743934
19990703 -1.05788
19990705 0.0605394
19990706 -2.0479
19990707 0.0628526
19990708 0.686202
19990709 -0.859312
19990712 -1.38635
19990713 -2.80341
19990714 -3.35746
19990715 0.62998
19990716 -7.20747
19990717 1.96561
19990719 0.298854
19990720 3.48958
19990721 1.06967
19990722 -0.836194
19990723 1.17488
19990726 -1.38106
19990727 -2.03197
19990728 -0.0100197
19990729 -2.0459
19990730 3.40003
19990731 -0.956136
19990802 -1.80937
19990803 0.850921
19990804 -0.978687
19990805 -1.11969
19990806 -2.36087
19990807 3.35423
19990809 -0.548342
19990810 3.09544
19990811 -0.663461
19990812 0.489551
19990813 1.26857
19990816 3.48884
19990817 0.963371
19990818 -1.37395
19990819 0.135024
19990820 1.76235
19990821 -0.802968
19990823 -0.597275
19990824 -2.77617
19990825 1.59967
19990826 -0.902061
19990827 -0.358039
19990830 0.205216
19990831 1.01451
19990901 0.580136
19990902 -1.47179
19990903 -1.64131
19990904 -1.49472
19990906 0.712392
19990907 -2.65889
19990908 0.335107
19990909 0.548035
19990910 0.941209
19990913 -0.272041
19990914 -1.26397
19990915 -1.31688
19990916 0.720689
19990917 -0.886613
19990918 0.270539
19990920 -0.701007
19990927 -0.383957
19990928 -0.767634
19990929 1.33019
19990930 -0.00223612
19991001 0.811077
19991002 -0.72864
19991004 0.218943
19991005 -2.41112
19991006 -0.335865
19991007 0.713278
19991008 -0.75306
19991011 0.677215
19991012 2.31334
19991013 0.384531
19991014 1.31414
19991015 -1.31387
19991016 1.39477
19991018 -0.762864
19991019 -0.863026
19991020 -0.415399
19991021 -1.43999
19991022 -1.44323
19991025 1.2813
19991026 0.129773
19991027 -0.387389
19991028 -0.618013
19991029 -0.578466
19991030 0.982199
19991101 -0.713749
19991102 -0.869909
19991103 -1.92791
19991104 -1.59027
19991105 0.289687
19991106 -1.99411
19991108 1.13702
19991109 -0.773039
19991110 0.612773
19991111 0.900604
19991115 -0.403665
19991116 0.4652
19991117 -0.201928
19991118 1.10629
19991119 -0.210475
19991120 0.124581
19991122 1.07016
19991123 -0.727073
19991124 -0.355592
19991125 -0.191301
19991126 -4.02418
19991129 1.52839
19991130 -1.73322
19991201 0.831193
19991202 0.0439544
19991203 0.668482
19991204 -0.934742
19991206 -1.10589
19991207 -0.92154
19991208 -0.202254
19991209 -0.753693
19991210 -0.268226
19991213 1.29946
19991214 -0.897087
19991215 0.352776
19991216 -1.91761
19991217 -0.510889
19991218 0.63469
19991220 -0.498728
19991221 1.67005
19991222 -0.38104
19991223 0.492428
19991224 0.916044
19991227 1.69478
19991228 -0.0340745
20000104 1.29139
20000105 1.83268
20000106 0.511913
20000107 -0.128718
20000110 2.0631
20000111 -2.95756
20000112 2.00641
20000113 -0.671195
20000114 -1.62371
20000115 0.389153
20000117 0.635866
20000118 -1.03552
20000119 -1.12644
20000120 -0.417637
20000121 0.932677
20000124 0.633469
20000125 -0.41153
20000126 1.18503
20000127 -0.112863
20000128 1.00474
20000129 0.182971
20000131 0.949416
20000201 0.271728
20000209 -0.306684
20000210 0.492488
20000211 0.0312098
20000214 -1.66853
20000215 -0.245729
20000216 0.535619
20000217 1.1131
20000218 -1.65982
20000219 0.761182
20000221 -2.48465
20000222 -1.30009
20000223 -0.985097
20000224 -1.29693
20000225 -1.95854
20000229 -0.941773
20000301 1.22082
20000302 -2.18569
20000303 0.317757
20000304 -1.55396
20000306 -1.59551
20000307 0.423747
20000308 -0.140491
20000309 1.41288
20000310 -2.41147
20000313 -5.04262
20000314 1.22911
20000315 -1.7542
20000316 2.48119
20000317 0.715773
20000320 0.31412
20000321 6.71041
20000322 0.667532
20000323 3.64648
20000324 -0.863549
20000327 2.89197
20000328 -0.279033
20000329 -0.474906
20000330 1.05914
20000331 -0.363359
20000401 1.59358
20000405 2.64446
20000406 -2.50826
20000407 -1.13828
20000408 -0.751065
20000410 1.65448
20000411 -0.364382
20000412 -1.54838
20000413 -0.59739
20000414 -1.50082
20000415 -2.41638
20000417 1.64463
20000418 0.93342
20000419 -3.50417
20000420 0.266261
20000421 -0.107771
20000424 -3.51476
20000425 2.40413
20000426 -5.07817
20000427 -0.524979
20000428 2.66842
20000429 -0.654434
20000502 -2.24153
20000503 -1.37454
20000504 -0.221344
20000505 3.67859
20000506 -0.486817
20000508 -0.614686
20000509 0.327493
20000510 -1.54132
20000511 -0.918792
20000512 1.03413
20000515 -2.02456
20000516 2.269
20000517 2.25655
20000518 0.518564
20000519 0.944825
20000520 -2.99995
20000522 -1.07544
20000523 -1.59373
20000524 0.0512071
20000525 -1.99424
20000526 1.93462
20000529 -0.0624896
20000530 1.1042
20000531 -0.12949
20000601 -1.04963
20000602 -1.07274
20000603 -0.902632
20000605 -0.0351553
20000607 1.92137
20000608 -0.911669
20000609 -0.838468
20000612 -1.21099
20000613 -0.161254
20000614 -0.483591
20000615 -0.980904
20000616 -0.227849
20000617 -0.64062
20000619 -0.401423
20000620 -1.83339
20000621 -1.09468
20000622 1.72054
20000623 -0.655215
20000626 -1.6516
20000627 -1.69417
20000628 -0.752397
20000629 -3.71133
20000630 1.29519
20000703 0.445703
20000704 -3.32818
20000705 4.23875
20000706 -0.022673
20000707 -1.74779
20000710 -0.672246
20000711 0.0591113
20000712 -1.33206
20000713 2.05249
20000714 2.25593
20000715 -0.598297
20000717 -0.182999
20000718 -2.49302
20000719 1.64824
20000720 -1.62389
20000721 -1.27728
20000724 -0.838498
20000725 -1.05701
20000726 0.209444
20000727 0.295227
20000728 3.32106
20000729 0.708581
20000731 -0.491359
20000801 -2.28756
20000802 -0.86378
20000803 -0.550049
20000804 0.551656
20000805 -1.07685
20000807 -1.12775
20000808 0.599901
20000809 2.31411
20000810 -0.771725
20000811 -0.474129
20000814 -1.61142
20000815 -0.4839
20000816 1.6892
20000817 1.04516
20000818 -0.188958
20000819 0.168638
20000821 0.303292
20000822 -1.5328
20000824 -0.773832
20000825 -1.16538
20000828 -1.74793
20000829 0.612104
20000830 -3.09298
20000831 2.12702
20000901 -3.1301
20000902 3.56365
20000904 0.573304
20000905 -0.558409
20000906 -1.4787
20000907 -0.495582
20000908 -1.20503
20000911 0.512764
20000913 1.54272
20000914 -2.67417
20000915 -0.0636811
20000916 -0.608754
20000918 -1.14928
20000919 -1.12777
20000920 0.528053
20000921 1.49495
20000922 -1.86196
20000925 0.896016
20000926 1.52062
20000927 0.157905
20000928 -2.66754
20000929 -2.11912
20000930 -0.70189
20001002 -2.29612
20001003 3.35897
20001004 0.141411
20001005 1.63262
20001006 5.23607
20001007 -0.522448
20001009 -2.00243
20001011 -0.492228
20001012 -0.77347
20001013 5.34703
20001016 -7.08677
20001017 3.45355
20001018 -3.10887
20001019 -3.43334
20001020 3.11376
20001021 1.29117
20001023 0.641664
20001024 3.81467
20001025 1.8499
20001026 0.0779806
20001027 -3.11524
20001030 0.262573
20001031 0.241925
20001101 -2.29238
20001102 4.4664
20001103 1.27076
20001104 -3.08649
20001106 -0.380516
20001107 2.72446
20001108 2.3883
20001109 1.06868
20001110 0.820479
20001113 -1.44796
20001114 0.44388
20001115 -2.70697
20001116 -1.79817
20001117 1.64161
20001118 -1.68028
20001120 -2.99356
20001121 6.96365
20001122 0.0317779
20001123 1.77209
20001124 3.86744
20001127 -1.39762
20001128 -0.490295
20001129 0.835581
20001130 -1.2542
20001201 3.26772
20001202 -1.30131
20001204 -1.25576
20001205 1.16101
20001206 -2.86632
20001207 1.57426
20001208 0.699151
20001211 0.0113573
20001212 1.11792
20001213 0.0747168
20001214 -0.562582
20001215 -0.596444
20001216 -0.875764
20001218 -1.18977
20001219 0.712343
20001220 -0.380721
20001221 -0.36278
20001222 0.967873
20001226 -3.08917
20001227 -1.05111
20001228 4.71681
20001229 -1.10776
20001230 1.09087
20010102 4.61664
20010103 1.05811
20010104 2.14406
20010105 2.76576
20010108 -1.13546
20010109 3.25785
20010110 0.566947
20010111 -1.94225
20010112 -1.20181
20010115 1.64206
20010116 4.87508
20010117 1.17625
20010118 0.764883
20010129 -2.91658
20010130 1.88754
20010131 1.41075
20010201 -0.494662
20010202 1.51843
20010205 -1.33075
20010206 -0.957397
20010207 -0.785551
20010208 1.1411
20010209 0.474195
20010212 0.679453
20010213 1.78098
20010214 -2.85783
20010215 2.36741
20010216 -1.79798
20010219 0.272237
20010220 -0.357936
20010221 0.489951
20010222 -2.15149
20010223 -0.00173929
20010226 -0.533004
20010227 -1.95801
20010301 -1.47064
20010302 -0.662006
20010305 1.87303
20010306 -0.959289
20010307 0.720735
20010308 -1.43795
20010309 0.433356
20010312 0.0713426
20010313 1.82602
20010314 -0.451627
20010315 1.52606
20010316 0.599188
20010319 -2.44042
20010320 -0.884405
20010321 0.379851
20010322 1.47873
20010323 -0.0175818
20010326 0.815404
20010327 -1.00237
20010328 -1.49199
20010329 0.366098
20010330 -1.1198
20010402 -3.27915
20010403 -1.36129
20010404 0.357559
20010406 -0.99772
20010409 -1.36796
20010410 -1.46255
20010411 -0.0533741
20010412 0.204458
20010413 -1.73148
20010416 -1.05894
20010417 0.503083
20010418 0.531797
20010419 -1.30155
20010420 -0.858796
20010423 -0.17405
20010424 0.354059
20010425 -1.39412
20010426 -0.426894
20010427 -1.61544
20010430 -0.900822
20010502 -3.02946
20010503 2.22818
20010504 -2.6048
20010507 -0.927843
20010508 -0.719951
20010509 0.723769
20010510 -1.79041
20010511 2.38333
20010514 0.294506
20010515 -0.158317
20010516 -1.26287
20010517 0.610496
20010518 -1.33645
20010521 -2.38419
20010522 -0.00380517
20010523 4.22692
20010524 0.633823
20010525 -0.694359
20010528 -0.862228
20010529 0.176159
20010530 -0.43002
20010531 0.676574
20010601 -1.50668
20010604 -0.539296
20010605 0.972842
20010606 1.77328
20010607 -0.373884
20010608 -0.0934807
20010611 1.14357
20010612 0.358658
20010613 -1.14703
20010614 -1.16249
20010615 1.53185
20010618 -1.20798
20010619 -0.657753
20010620 -0.183572
20010621 -1.17601
20010622 -1.06613
20010626 -2.98105
20010627 0.0541166
20010628 -1.19596
20010629 0.593871
20010702 0.0075643
20010703 -0.361836
20010704 -1.2934
20010705 0.269136
20010706 0.786673
20010709 -0.422067
20010710 -1.23185
20010711 -0.887764
20010712 0.999416
20010713 -4.87028
20010716 -3.04125
20010717 1.24988
20010718 -3.81074
20010719 2.45128
20010720 0.545815
20010723 -2.26959
20010724 -1.48332
20010725 2.73963
20010726 3.43541
20010727 -0.481411
20010731 1.24222
20010801 -1.09455
20010802 2.20517
20010803 0.688938
20010806 -0.823229
20010807 -0.479979
20010808 2.28795
20010809 -0.478754
20010810 0.137788
20010813 0.633976
20010814 0.920237
20010815 0.641319
20010816 0.780479
20010817 -1.59582
20010820 0.669003
20010821 0.192795
20010822 -0.477038
20010823 -0.700704
20010824 -2.71081
20010827 0.740061
20010828 -0.836288
20010829 3.62636
20010830 0.176603
20010831 1.33117
20010903 -1.44314
20010904 0.96549
20010905 -1.15908
20010906 -1.37023
20010907 0.640981
20010910 0.813733
20010911 -2.7404
20010913 1.26982
20010914 -2.4976
20010919 3.00866
20010920 0.133468
20010921 -0.218902
20010924 0.861464
20010925 -3.55228
20010926 4.30568
20010927 -0.534742
20010928 1.36936
20011002 -3.63029
20011003 -0.974945
20011004 -3.227
20011005 2.37239
20011008 0.0284143
20011009 1.62222
20011011 1.85081
20011012 -2.48464
20011015 -0.317877
20011016 2.14719
20011017 -0.325888
20011018 1.33205
20011019 1.56966
20011022 0.877238
20011023 -2.13986
20011024 2.62702
20011025 0.144269
20011026 0.0272135
20011029 -0.412545
20011030 -1.1599
20011031 0.677028
20011101 -0.238384
20011102 -0.0345044
20011105 1.63821
20011106 -1.30365
20011107 0.536263
20011108 -1.05335
20011109 -0.272066
20011112 1.13015
20011113 -0.35939
20011114 0.864414
20011115 2.62028
20011116 0.425503
20011119 2.00116
20011120 -2.65355
20011121 2.8192
20011122 -1.94501
20011123 1.08849
20011126 1.04723
20011127 -3.00391
20011128 -2.8637
20011129 1.53952
20011130 -1.24809
20011203 2.47531
20011204 2.74937
20011205 0.659198
20011206 2.1832
20011207 1.89874
20011210 -0.453277
20011211 0.404748
20011212 3.85434
20011213 -3.84202
20011214 3.64993
20011217 -0.834057
20011218 -4.63922
20011219 -3.14117
20011220 2.10848
20011221 -1.92023
20011224 0.625805
20011225 3.35965
20011226 -0.540414
20011227 -2.40717
20011228 0.4733
20011231 1.28023
20020102 0.443201
20020103 -2.78967
20020104 -0.701436
20020107 2.52568
20020108 -0.574982
20020109 -0.345744
20020110 0.0466853
20020111 -3.42815
20020114 -0.244955
20020115 0.180744
20020116 -2.26097
20020117 2.33899
20020118 -1.19525
20020121 4.10173
20020122 -1.0144
20020123 -0.0204503
20020124 -0.88745
20020125 0.419529
20020128 -0.324215
20020129 -2.69681
20020130 1.28384
20020131 0.0129485
20020201 -1.51594
20020204 -0.299962
20020205 0.542774
20020206 0.658535
20020218 -1.32327
20020219 -2.31559
20020220 -2.15823
20020221 -1.9128
20020222 0.856863
20020225 -2.36543
20020226 -1.91697
20020227 2.8771
20020301 0.154266
20020304 -0.0677045
20020305 -1.25893
20020306 2.38948
20020307 -1.34715
20020308 -1.08676
20020311 1.77507
20020312 -1.22944
20020313 -0.503177
20020314 0.412703
20020315 -1.82576
20020318 -0.458201
20020319 -1.38571
20020320 1.86718
20020321 1.08246
20020322 -0.142137
20020325 0.403764
20020326 0.587478
20020327 -2.46992
20020328 0.32051
20020329 -1.55705
20020401 1.11122
20020402 -0.0733042
20020403 1.19235
20020404 -1.53275
20020408 -0.221446
20020409 -2.45664
20020410 0.383194
20020411 -0.406331
20020412 2.42095
20020415 -0.490958
20020416 0.124798
20020417 -0.114873
20020418 -0.734327
20020419 0.790618
20020422 -0.125963
20020423 -0.781099
20020424 0.80609
20020425 -1.31179
20020426 -0.833655
20020429 -0.627295
20020430 -2.19467
20020502 -3.79455
20020503 2.1534
20020506 -2.8415
20020507 2.50991
20020508 -0.218905
20020509 -2.46419
20020510 1.86136
20020513 -0.153001
20020514 -0.786345
20020515 1.27599
20020516 -1.3954
20020517 -0.70112
20020520 -2.87031
20020521 -0.996726
20020522 1.78288
20020523 0.24474
20020524 2.10805
20020527 1.86833
20020528 -1.66558
20020529 0.0419839
20020530 1.5895
20020531 -0.74568
20020603 -1.01612
20020604 1.54173
20020605 0.278302
20020606 -0.403304
20020607 -0.723604
20020610 0.407527
20020611 -2.37409
20020612 0.3697
20020613 1.90575
20020614 0.4136
20020617 -0.927253
20020618 -1.57738
20020619 -2.40009
20020620 2.09868
20020621 1.54308
20020624 -1.02414
20020625 -1.91682
20020626 -1.96227
20020627 -1.41528
20020628 0.200252
20020701 -3.0282
20020702 2.33471
20020703 2.981
20020704 1.31051
20020705 2.11925
20020708 0.51492
20020709 0.669008
20020710 -1.01208
20020711 0.76153
20020712 2.44049
20020715 -0.632361
20020716 -2.27786
20020717 -0.420821
20020718 -0.300126
20020719 -0.128274
20020722 -0.414843
20020723 2.85259
20020724 -0.540573
20020725 -2.31308
20020726 -0.961961
20020729 0.655092
20020730 0.664927
20020731 -1.32305
20020801 -0.136092
20020802 1.49116
20020805 -1.02208
20020806 1.45897
20020807 0.518058
20020808 -0.767638
20020809 1.02094
20020812 -0.0729062
20020813 -0.558717
20020814 2.07281
20020815 -0.696125
20020816 -1.20565
20020819 -1.00795
20020820 -0.621211
20020821 0.0206732
20020822 0.614467
20020823 -0.736957
20020826 0.0419515
20020827 -1.39354
20020828 -1.14651
20020829 0.622936
20020830 -0.997522
20020902 -2.34292
20020903 -1.42002
20020904 0.769865
20020905 -2.6113
20020909 1.27971
20020910 2.68773
20020911 -0.647002
20020912 -0.128939
20020913 -0.231335
20020916 -2.64277
20020917 3.46717
20020918 -1.06993
20020919 -0.238109
20020920 0.199524
20020923 -2.16448
20020924 -0.392908
20020925 -2.12882
20020926 -0.97216
20020927 -0.747089
20020930 1.07957
20021001 0.388266
20021002 -1.75218
20021003 -1.5057
20021004 1.00138
20021007 -2.39726
20021008 1.55082
20021009 -0.676811
20021011 -4.04645
20021014 0.65111
20021015 3.80396
20021016 -0.609761
20021017 2.34317
20021018 1.94367
20021021 0.391802
20021022 -2.80002
20021023 4.72961
20021024 -0.794118
20021025 0.580021
20021028 -0.63638
20021029 -1.06944
20021030 -0.862298
20021031 0.703966
20021101 -2.09151
20021104 -0.343513
20021105 -1.41654
20021106 3.07479
20021107 0.0130349
20021108 2.24726
20021111 -2.63602
20021112 1.58245
20021113 -0.547738
20021114 -0.743953
20021115 0.912151
20021118 -0.783485
20021119 -1.20275
20021120 -1.44857
20021121 -3.02008
20021122 0.278832
20021125 -0.172255
20021126 -0.94148
20021127 -0.19303
20021128 -1.82991
20021129 0.203568
20021202 0.5963
20021203 2.3443
20021204 -0.678383
20021205 0.643384
20021206 -0.053354
20021209 -0.0507695
20021210 -0.343722
20021211 -1.8162
20021212 -0.931551
20021213 -1.38482
20021216 0.594291
20021217 -1.77388
20021218 -0.696619
20021219 1.13603
20021220 0.371726
20021223 -0.760018
20021224 -1.01565
20021225 -1.27576
20021226 1.26174
20021227 -0.287256
20021230 -1.12762
20021231 -0.0778678
20030102 1.44153
20030103 0.17495
20030106 0.770728
20030107 -1.23387
20030108 2.41245
20030109 -0.410047
20030110 -0.640507
20030113 1.96025
20030114 -0.449262
20030115 -0.437711
20030116 -1.55829
20030117 -0.971766
20030120 1.54417
20030121 -0.542546
20030122 0.757915
20030123 0.854082
20030124 -1.643
20030127 -1.2807
20030128 1.32721
20030206 -2.8553
20030207 -1.29258
20030210 -1.12209
20030211 -1.57346
20030212 0.54787
20030213 -2.35367
20030214 -1.49598
20030217 1.63104
20030218 -1.97505
20030219 -2.55495
20030220 -0.10865
20030221 -0.790691
20030224 0.510279
20030225 -2.30231
20030226 -0.478998
20030227 0.474209
20030303 0.964661
20030304 0.404774
20030305 -0.882792
20030306 -1.033
20030307 -0.0491677
20030310 -1.15977
20030311 -0.270828
20030312 1.22954
20030313 1.35425
20030314 -0.952166
20030317 -1.88684
20030318 0.774734
20030319 -0.405439
20030320 0.322388
20030321 -0.0629685
20030324 -1.04761
20030325 0.564875
20030326 -0.821046
20030327 1.04079
20030328 -0.803189
20030331 -2.72123
20030401 1.4553
20030402 -0.63607
20030403 -0.82013
20030404 3.58588
20030407 1.55557
20030408 -0.148491
20030409 -0.0420697
20030410 0.0927887
20030411 -0.410636
20030414 -1.76824
20030415 -0.146858
20030416 1.48976
20030417 -0.592743
20030418 0.533279
20030421 -0.088562
20030422 -1.43112
20030423 -1.009
20030424 -3.60108
20030425 -0.844577
20030428 0.321115
20030429 0.336576
20030430 -2.6293
20030502 1.38526
20030505 0.832654
20030506 0.238934
20030507 0.528514
20030508 -1.48689
20030509 1.18321
20030512 -0.0872319
20030513 0.334711
20030514 0.269786
20030515 0.0291053
20030516 -1.76282
20030519 -0.0957792
20030520 1.16522
20030521 -0.754117
20030522 1.47389
20030523 1.25147
20030526 1.64269
20030527 -0.274457
20030528 -1.40279
20030529 1.03503
20030530 0.695106
20030602 1.56691
20030603 -0.206281
20030605 -0.11889
20030606 -0.180875
20030609 2.1393
20030610 0.455067
20030611 -1.3917
20030612 0.654256
20030613 0.0703025
20030616 0.347245
20030617 -0.105259
20030618 -0.422883
20030619 0.209798
20030620 -0.318612
20030623 -1.8561
20030624 0.564352
20030625 0.201873
20030626 -0.770683
20030627 -1.17927
20030630 -0.197671
20030701 2.53801
20030702 0.394669
20030703 -1.40387
20030704 0.493123
20030707 1.81642
20030708 -0.0737158
20030709 -0.131753
20030710 -1.58309
20030711 0.113487
20030714 1.26747
20030715 -1.17423
20030716 0.960966
20030717 -1.6701
20030718 -0.0784254
20030721 -2.23339
20030722 0.678202
20030723 -0.211922
20030724 1.46715
20030725 0.0901663
20030728 -0.444844
20030729 -2.20899
20030730 -0.376556
20030731 0.449896
20030801 0.461816
20030804 -0.295009
20030805 -2.67198
20030806 0.225164
20030807 0.0287161
20030808 -0.728529
20030811 -0.468964
20030812 0.091231
20030813 2.31177
20030814 -0.490342
20030815 -0.0566269
20030818 -0.20423
20030819 -1.32947
20030820 -0.0942536
20030821 1.18806
20030822 -0.0410665
20030825 0.349566
20030826 -1.72947
20030827 -0.427978
20030828 -1.31223
20030829 1.60549
20030901 0.0166969
20030902 0.394141
20030903 -1.3595
20030904 -0.979182
20030905 -0.55147
20030908 1.57514
20030909 -1.83654
20030910 -0.541733
20030912 0.318617
20030915 -0.301407
20030916 1.66049
20030917 -0.175602
20030918 0.0622922
20030919 -0.560753
20030922 -0.995324
20030923 0.595709
20030924 0.321705
20030925 0.958069
20030926 -0.716239
20030929 -0.0279904
20030930 -1.08166
20031001 -0.311478
20031002 0.980775
20031003 0.542262
20031006 0.69457
20031007 -0.283483
20031008 -0.65866
20031009 0.896565
20031013 1.10476
20031014 -1.35876
20031015 -0.729739
20031016 1.69482
20031017 -0.341227
20031020 0.60184
20031021 -0.713671
20031022 -0.0691391
20031023 -0.321363
20031024 -0.915977
20031027 0.210726
20031028 1.30309
20031029 -1.26307
20031030 -0.0348575
20031031 -1.07449
20031103 0.547381
20031104 -0.619152
20031105 0.36142
20031106 -2.39334
20031107 0.0365004
20031110 0.0972991
20031111 -0.111299
20031112 -0.685421
20031113 -0.307395
20031114 0.0738366
20031117 -0.988406
20031118 -0.0395436
20031119 -0.273736
20031120 -0.653366
20031121 0.726847
20031124 -0.409036
20031125 -0.656113
20031126 -0.197202
20031127 -1.91218
20031128 -0.569351
20031201 1.75915
20031202 -0.131432
20031203 -0.618245
20031204 0.427124
20031205 -0.629237
20031208 -0.375015
20031209 -0.37659
20031210 -0.169609
20031211 0.823489
20031212 -0.923575
20031215 0.225351
20031216 0.181567
20031217 -2.58047
20031218 0.448021
20031219 -1.19729
20031222 0.91697
20031223 -0.215088
20031224 -0.137405
20031225 -0.27768
20031226 -0.275649
20031229 -1.11055
20031230 0.369195
20031231 0.310599
20040102 2.27538
20040105 0.744053
20040106 -0.421559
20040107 -0.545757
20040108 -0.181056
20040109 -0.230397
20040112 -0.0886717
20040113 -0.463844
20040114 1.28941
20040115 -0.527499
20040116 -0.492795
20040127 0.206072
20040128 0.401528
20040129 -0.571439
20040130 0.689702
20040202 -0.940756
20040203 -0.466444
20040204 -0.480742
20040205 0.420066
20040206 0.509404
20040209 0.314302
20040210 -0.0201869
20040211 -0.978344
20040212 -1.05417
20040213 1.26841
20040216 -0.0211619
20040217 0.212252
20040218 -0.754947
20040219 0.506331
20040220 -0.39584
20040223 -0.310764
20040224 -0.916221
20040225 0.371465
20040226 -0.241156
20040227 0.26602
20040301 1.05094
20040302 0.152191
20040303 -0.707152
20040304 1.01778
20040305 -2.28853
20040308 -1.37446
20040309 1.04378
20040310 -1.32407
20040311 0.789718
20040312 0.282113
20040315 -3.79542
20040316 -0.83832
20040317 -1.14946
20040318 3.26044
20040319 0.46539
20040322 -0.00644866
20040323 2.30773
20040324 -0.832785
20040325 -1.25248
20040326 -1.51834
20040329 1.9728
20040330 0.0274111
20040331 -0.499779
20040401 0.291338
20040402 -0.323138
20040405 0.837454
20040406 -1.19656
20040407 0.0648868
20040408 0.0919474
20040409 -0.450358
20040412 1.14036
20040413 -0.438143
20040414 1.59116
20040415 -2.43832
20040416 1.00603
20040419 -1.06925
20040420 -0.549755
20040421 0.124968
20040422 -1.97704
20040423 -0.636982
20040426 -0.624912
20040427 -1.05277
20040428 -0.927472
20040429 -1.27633
20040430 -3.37411
20040503 -1.19343
20040504 1.28734
20040505 -5.43814
20040506 -0.522822
20040507 2.49994
20040510 -1.76518
20040511 0.523243
20040512 -0.197134
20040513 -0.176771
20040514 -2.57963
20040517 -2.65633
20040518 1.03697
20040519 2.99463
20040520 0.611596
20040521 2.20799
20040524 0.246651
20040525 0.697976
20040526 -1.16847
20040527 -0.591542
20040528 0.821881
20040531 -2.10197
20040601 -0.0882925
20040602 -0.54739
20040603 -3.97284
20040604 1.0201
20040607 2.28864
20040608 -0.303589
20040609 -0.107662
20040610 -0.818974
20040611 -1.23579
20040614 -3.1139
20040615 1.80698
20040616 -2.83144
20040617 1.90979
20040618 -1.05724
20040621 -1.94243
20040623 2.45914
20040624 0.233104
20040625 0.609808
20040628 -1.66672
20040629 1.21282
20040630 0.66455
20040701 -0.219327
20040702 0.147781
20040705 -0.489311
20040706 1.02637
20040707 1.4907
20040708 -0.529781
20040709 0.710657
20040712 -0.75159
20040713 -0.570292
20040714 -1.25633
20040715 -0.951918
20040716 0.00381613
20040719 0.100121
20040720 -2.34829
20040721 0.385643
20040722 1.63009
20040723 0.0279207
20040726 0.245175
20040727 1.18169
20040728 -0.884088
20040729 -0.531212
20040730 0.108402
20040802 -0.99534
20040803 0.180309
20040804 -0.403674
20040805 1.74333
20040806 0.501285
20040809 1.25665
20040810 -0.260735
20040811 -1.30718
20040812 0.345642
20040813 1.06769
20040816 -0.5321
20040817 -0.766196
20040818 1.46768
20040819 2.04547
20040820 0.38401
20040823 0.162784
20040826 1.21879
20040827 -0.232142
20040830 -0.0505912
20040831 0.135466
20040901 1.00555
20040902 -0.297594
20040903 -1.68333
20040906 0.498498
20040907 1.04801
20040908 -0.34604
20040909 -0.18705
20040910 -0.522727
20040913 0.179301
20040914 -0.610966
20040915 -0.671486
20040916 1.10995
20040917 -1.41313
20040920 0.30444
20040921 0.80125
20040922 0.138714
20040923 0.262929
20040924 -0.869133
20040927 -0.388279
20040929 -0.580971
20040930 -0.313092
20041001 1.29366
20041004 0.951384
20041005 -0.115637
20041006 -0.535191
20041007 -0.21419
20041008 0.314818
20041011 0.164984
20041012 -1.54624
20041013 -0.515022
20041014 -1.57602
20041015 0.0517337
20041018 -1.30007
20041019 -0.139619
20041020 -0.0328206
20041021 0.55488
20041022 -1.01069
20041026 -0.920487
20041027 -0.225814
20041028 -0.490946
20041029 0.22519
20041101 -1.21349
20041102 1.56663
20041103 1.75945
20041104 -0.0578115
20041105 -0.0842274
20041108 0.00504963
20041109 0.0100948
20041110 0.00185515
20041111 -0.764388
20041112 0.260431
20041115 -0.912421
20041116 -0.111025
20041117 1.9026
20041118 -0.232039
20041119 -0.440269
20041122 -2.07805
20041123 -0.0957852
20041124 0.725542
20041125 -1.17872
20041126 -1.7836
20041129 -0.218878
20041130 1.28144
20041201 0.35583
20041202 0.109702
20041203 0.404808
20041206 0.933075
20041207 0.294686
20041208 -0.277718
20041209 0.327586
20041210 0.0909225
20041213 -0.38228
20041214 0.0257276
20041215 1.20944
20041216 0.203595
20041217 -0.174092
20041220 1.22893
20041221 0.0982934
20041222 -0.118993
20041223 -0.0854582
20041224 0.495009
20041227 -0.533067
20041228 0.341798
20041229 0.833868
20041230 -0.149266
20041231 0.344196
20050103 -0.377369
20050104 -0.938401
20050105 -0.185018
20050106 -0.110209
20050107 -0.914565
20050110 -0.122183
20050111 0.463854
20050112 -1.32295
20050113 -0.776639
20050114 0.991475
20050117 -0.173787
20050118 -0.511567
20050119 -0.961594
20050120 0.898266
20050121 -0.483213
20050124 -1.50873
20050125 0.408737
20050126 0.342021
20050127 -0.110617
20050128 0.587457
20050131 1.50594
20050201 -0.569166
20050202 0.0392243
20050203 0.0938831
20050214 -0.292316
20050215 0.00685926
20050216 0.146066
20050217 -0.759321
20050218 0.707787
20050221 -0.0452404
20050222 -0.785798
20050223 0.644163
20050224 0.0775689
20050225 0.203218
20050301 0.518192
20050302 -0.67443
20050303 -0.278632
20050304 0.0355362
20050307 -0.0629763
20050308 -1.23573
20050309 0.806672
20050310 -0.246946
20050311 -0.345661
20050314 -0.425769
20050315 -1.49477
20050316 0.331445
20050317 0.177196
20050318 0.0781592
20050321 0.0472229
20050322 -0.645601
20050323 0.235296
20050324 -0.476641
20050325 0.782884
20050328 -0.707338
20050329 -1.2348
20050330 0.299651
20050331 0.000162601
20050401 0.300132
20050404 0.103596
20050406 -0.195838
20050407 -0.998838
20050408 0.361854
20050411 -0.696028
20050412 0.321023
20050413 -0.106756
20050414 0.164917
20050415 -0.972555
20050418 -1.62829
20050419 0.198361
20050420 -1.84212
20050421 2.81345
20050422 -0.526187
20050425 0.0881212
20050426 0.545224
20050427 -0.489434
20050428 1.16047
20050429 0.133038
20050503 -0.460552
20050504 -0.412854
20050505 1.29881
20050506 0.605524
20050509 0.149887
20050510 -0.39459
20050511 0.278096
20050512 0.280667
20050513 0.842113
20050516 -1.10859
20050517 -0.76272
20050518 -0.173697
20050519 0.114188
20050520 -0.541333
20050523 -1.13937
20050524 0.34387
20050525 -0.558297
20050526 0.616807
20050527 0.421353
20050530 0.210607
20050531 0.211041
20050601 -0.515276
20050602 0.508913
20050603 0.745045
20050606 0.462738
20050607 -0.62595
20050608 0.658684
20050609 -0.428526
20050610 0.0686802
20050613 0.583543
20050614 -0.621346
20050615 0.519314
20050616 -0.253081
20050617 -0.169413
20050620 -0.234166
20050621 -0.410355
20050622 1.04769
20050623 -0.136938
20050624 -0.158254
20050627 -0.073239
20050628 0.20908
20050629 -2.17405
20050630 -0.586264
20050701 0.513776
20050704 0.0250463
20050705 -0.601931
20050706 -0.435893
20050707 -0.110297
20050708 0.0259664
20050711 0.694759
20050712 0.336253
20050713 0.259248
20050714 0.238479
20050715 -0.277674
20050719 0.197228
20050720 -0.223822
20050721 0.775275
20050722 -0.501182
20050725 0.21853
20050726 -0.780211
20050727 -0.57762
20050728 0.437153
20050729 -1.52241
20050801 -0.201557
20050802 -0.0135531
20050803 0.999575
20050804 -0.549405
20050808 -0.312658
20050809 0.0847097
20050810 -0.811689
20050811 -0.140039
20050812 -0.60054
20050815 -1.57213
20050816 -0.32685
20050817 0.415694
20050818 -0.755399
20050819 -0.507083
20050822 0.18983
20050823 -0.257114
20050824 -0.761384
20050825 0.101585
20050826 0.0932945
20050829 -1.10883
20050830 -0.915589
20050831 -0.138859
20050902 0.564641
20050905 -0.540944
20050906 -0.0185572
20050907 -0.443699
20050908 -0.12327
20050909 -0.693624
20050912 0.155963
20050913 -0.020907
20050914 -0.182956
20050915 -0.813543
20050916 -0.805069
20050919 -0.141795
20050920 1.48555
20050921 -0.521223
20050922 -0.751007
20050923 -0.541308
20050926 -0.628212
20050927 0.255987
20050928 -0.197543
20050929 1.30125
20050930 1.07407
20051003 -0.0824004
20051004 0.00618526
20051005 -0.026894
20051006 0.0267449
20051007 -0.150228
20051011 -0.51313
20051012 -0.906134
20051013 -0.167338
20051014 -0.300315
20051017 -2.73712
20051018 -0.384225
20051019 -1.63539
20051020 0.506558
20051021 1.05905
20051024 -0.764585
20051025 -1.30244
20051026 -0.543451
20051027 -0.036376
20051028 -0.24491
20051031 1.25562
20051101 -0.0833988
20051102 0.652059
20051103 -0.833056
20051104 0.0756731
20051107 -0.761507
20051108 -0.27754
20051109 2.17472
20051110 0.0182108
20051111 0.403077
20051114 0.286502
20051115 -0.687359
20051116 0.408368
20051117 -0.695188
20051118 0.372619
20051121 -0.446596
20051122 -0.534821
20051123 0.464955
20051124 -0.180959
20051125 -0.0896685
20051128 0.596064
20051129 -0.862759
20051130 0.494256
20051201 -0.266932
20051202 -0.406116
20051205 1.0747
20051206 0.496748
20051207 -0.518502
20051208 -0.839249
20051209 -0.0889973
20051212 -0.100753
20051213 -0.144493
20051214 -0.591949
20051215 0.290048
20051216 0.910155
20051219 0.705567
20051220 -0.00638053
20051221 0.459001
20051222 -1.29465
20051223 0.960833
20051226 -0.470628
20051227 -0.117753
20051228 0.486694
20051229 0.394056
20051230 -0.629757
20060102 0.068914
20060103 1.78453
20060104 -0.628986
20060105 0.600772
20060106 -0.926247
20060109 -0.143655
20060110 -0.654073
20060111 0.498621
20060112 -0.83366
20060113 -0.701827
20060116 0.648123
20060117 -0.610171
20060118 -1.84042
20060119 -0.0371455
20060120 -1.29359
20060123 -0.0612236
20060124 0.519739
20060125 0.485342
20060203 0.0365608
20060206 2.30819
20060207 0.413306
20060208 -1.32224
20060209 -0.993333
20060210 -0.863008
20060213 -0.45055
20060214 0.910848
20060215 -0.459946
20060216 0.339729
20060217 -0.742306
20060220 0.511082
20060221 -1.14338
20060222 -1.56944
20060223 -0.753545
20060224 0.991194
20060227 1.00176
20060301 1.46349
20060302 -0.53156
20060303 -1.3566
20060306 0.42839
20060307 -0.912734
20060308 -0.42392
20060309 0.146832
20060310 -0.0209466
20060313 0.372219
20060314 -1.1059
20060315 0.039288
20060316 -0.354774
20060317 0.32301
20060320 -0.574598
20060321 -1.03091
20060322 -0.439292
20060323 -0.749456
20060324 0.151723
20060327 0.213007
20060328 0.320525
20060329 0.780582
20060330 0.0802653
20060331 0.748079
20060403 0.504577
20060404 -0.212876
20060406 0.533082
20060407 0.342073
20060410 0.31453
20060411 -0.233134
20060412 1.45858
20060413 0.0810239
20060414 0.934352
20060417 0.252341
20060418 -0.25673
20060419 -0.488314
20060420 0.585726
20060421 -0.527725
20060424 0.422436
20060425 -0.925637
20060426 1.24791
20060427 -0.937568
20060428 -0.0075295
20060502 0.343835
20060503 0.00455781
20060504 0.882046
20060505 -0.529174
20060508 0.47913
20060509 -1.08527
20060510 -0.994287
20060511 1.23354
20060512 0.124349
20060515 -0.684349
20060516 -1.83899
20060517 0.00112521
20060518 0.637384
20060519 0.47909
20060522 -2.43496
20060523 -0.43802
20060524 -0.394973
20060525 -0.444268
20060526 -1.03931
20060529 -0.495005
20060530 -0.916742
20060601 -0.0264786
20060602 0.118252
20060605 -3.47144
20060606 0.683513
20060607 -1.17701
20060608 -3.5094
20060609 0.855244
20060612 0.917562
20060613 -0.187112
20060614 1.97598
20060615 -1.61395
20060616 -0.211393
20060619 0.0986875
20060620 -2.6401
20060621 -0.863025
20060622 0.89363
20060623 0.308593
20060626 0.917027
20060627 0.791626
20060628 0.623814
20060629 0.437937
20060630 -0.396069
20060703 -0.129771
20060704 -0.206868
20060705 -0.734066
20060706 0.437852
20060707 0.144186
20060710 1.09836
20060711 -0.497427
20060712 -0.715516
20060713 -0.363495
20060714 -0.683842
20060717 -2.26418
20060718 0.445227
20060719 -0.638533
20060720 0.313381
20060721 0.3644
20060724 0.677552
20060725 -0.657974
20060726 -0.205026
20060727 1.25169
20060728 0.465575
20060731 -1.12818
20060801 -0.357794
20060802 0.703211
20060803 -0.518625
20060804 -0.624086
20060807 -0.145976
20060808 0.922907
20060809 1.22161
20060810 0.355898
20060811 -0.625785
20060814 0.355617
20060815 -0.201707
20060816 0.155542
20060817 -0.289209
20060818 -0.596324
20060821 -3.12402
20060822 1.00357
20060823 -0.430244
20060824 0.162237
20060825 -1.0402
20060828 -1.07935
20060829 -0.0935838
20060830 0.972456
20060831 -0.540037
20060901 0.295995
20060904 0.660105
20060905 -0.446718
20060906 -0.363483
20060907 0.699524
20060908 0.435167
20060911 -0.305018
20060912 -1.08459
20060913 -0.34152
20060914 -1.32634
20060915 1.45876
20060918 1.44014
20060919 -0.227902
20060920 0.39954
20060921 -0.497951
20060922 0.194119
20060925 0.458303
20060926 -0.623323
20060927 -0.155382
20060928 -1.01328
20060929 -0.0630185
20061002 0.774818
20061003 0.213338
20061004 -1.3317
20061005 0.59663
20061011 0.318131
20061012 -0.685075
20061013 0.121949
20061014 -0.113901
20061016 0.682105
20061017 -0.823121
20061018 -0.062089
20061019 -0.0692804
20061020 0.138275
20061023 -0.0204557
20061024 0.305405
20061025 -0.564087
20061026 -0.0326134
20061027 -0.362737
20061030 -0.778003
20061031 0.0138131
20061101 -0.313806
20061102 0.994235
20061103 1.15683
20061106 1.18731
20061107 -0.197947
20061108 -0.311497
20061109 -0.815129
20061110 0.201128
20061113 -0.650441
20061114 0.255786
20061115 -0.242886
20061116 -0.206532
20061117 -0.313632
20061120 -0.0677078
20061121 0.703439
20061122 0.255938
20061123 0.181652
20061124 0.440987
20061127 0.0475017
20061128 -0.0366555
20061129 -0.031433
20061130 0.534708
20061201 0.34346
20061204 0.326943
20061205 -1.17206
20061206 0.766754
20061207 -0.137715
20061208 -0.283888
20061211 -0.30868
20061212 -1.92235
20061213 -0.397595
20061214 0.323217
20061215 -0.105876
20061218 0.737239
20061219 -0.339291
20061220 0.267571
20061221 -0.453263
20061222 0.206112
20061225 -0.14677
20061226 0.765035
20061227 -0.35961
20061228 -0.577661
20061229 0.982238
20070102 0.627456
20070103 -0.473417
20070104 0.0582559
20070105 -1.31773
20070108 -0.538143
20070109 0.149515
20070110 -0.500565
20070111 -1.36651
20070112 0.623313
20070115 -0.338162
20070116 -0.00885361
20070117 0.981982
20070118 0.546599
20070119 -0.24671
20070122 -0.301286
20070123 0.190367
20070124 -0.0969402
20070125 -0.737477
20070126 -0.0566102
20070129 -1.01869
20070130 -0.304238
20070131 -0.775149
20070201 -0.641954
20070202 0.294934
20070205 -0.0468731
20070206 0.760593
20070207 -0.566324
20070208 -0.422827
20070209 0.157376
20070212 -0.640137
20070213 -0.581333
20070214 0.108579
20070226 -0.493736
20070227 -0.0863606
20070301 -0.375731
20070302 0.227612
20070303 -0.183542
20070305 -2.92614
20070306 0.97546
20070307 -0.469915
20070308 0.746233
20070309 -0.625145
20070312 0.236495
20070313 0.251801
20070314 0.232234
20070315 0.842411
20070316 0.164132
20070319 -0.0271346
20070320 -0.617525
20070321 -0.299089
20070322 -0.254604
20070323 0.315264
20070326 -0.00977357
20070327 -0.401051
20070328 -0.567881
20070329 1.07224
20070330 0.0845439
20070402 -0.0403096
20070403 0.481832
20070404 0.187242
20070409 0.102136
20070410 -0.200258
20070411 0.133524
20070412 0.390617
20070413 -1.20715
20070414 0.220497
20070416 -0.559908
20070417 -1.74456
20070418 0.275018
20070419 -1.12752
20070420 0.33805
20070423 0.0113634
20070424 0.414385
20070425 -0.635789
20070426 -0.580114
20070427 -0.87375
20070430 -1.01319
20070502 0.0288614
20070503 -0.345731
20070504 0.939684
20070507 -0.0853239
20070508 -0.193181
20070509 -0.486893
20070510 0.0264326
20070511 0.0645395
20070514 -0.515226
20070515 -0.592706
20070516 -0.00501179
20070517 0.104113
20070518 -0.39511
20070521 0.921752
20070522 0.363276
20070523 -0.130461
20070524 -0.185142
20070525 -0.129854
20070528 -0.463832
20070529 0.0341135
20070530 -0.201747
20070531 -0.728477
20070601 0.159536
20070604 -0.184111
20070605 -0.209456
20070606 -0.192541
20070607 0.678277
20070608 0.150215
20070611 -0.145496
20070612 -0.0172059
20070613 -0.501885
20070614 0.350422
20070615 0.636898
20070620 1.20931
20070621 0.715664
20070622 -0.378385
20070623 -0.0509247
20070625 0.640494
20070626 -1.11613
20070627 -0.203901
20070628 -0.245217
20070629 -0.548239
20070702 0.401186
20070703 0.144268
20070704 -0.00374718
20070705 0.380958
20070706 0.204481
20070709 1.33456
20070710 -0.21297
20070711 -0.340462
20070712 0.0798117
20070713 -0.623457
20070716 -1.01712
20070717 0.686726
20070718 -0.284261
20070719 0.249635
20070720 0.510212
20070723 0.475255
20070724 0.721704
20070725 0.579929
20070726 -2.32127
20070727 -0.890679
20070730 0.389724
20070731 0.81906
20070801 -3.22922
20070802 -1.38319
20070803 -0.51096
20070806 0.858944
20070807 -2.26874
20070808 1.54378
20070809 -0.335054
20070810 0.688142
20070813 -1.01719
20070814 -0.464112
20070815 -2.15223
20070816 -2.33255
20070817 -1.45702
20070820 0.219253
20070821 -0.738104
20070822 0.0732833
20070823 0.384388
20070824 -0.423967
20070827 -1.48758
20070828 0.349533
20070829 1.51331
20070830 -0.126841
20070831 1.98077
20070903 -0.431646
20070904 -1.07133
20070905 -1.14954
20070906 1.35343
20070907 -0.420263
20070910 0.78462
20070911 0.242506
20070912 -0.660599
20070913 -1.48847
20070914 0.401306
20070917 -1.54183
20070919 -1.80973
20070920 -0.0499499
20070921 0.960236
20070926 0.833685
20070927 0.820499
20070928 -0.374496
20070929 0.188712
20071001 -0.372538
20071002 0.263494
20071003 0.518548
20071004 -0.37399
20071005 -0.294124
20071008 -0.202936
20071009 -1.06511
20071011 -0.105684
20071012 -1.86891
20071015 -0.490417
20071016 1.30522
20071017 -0.209036
20071018 0.328771
20071019 -0.567526
20071022 0.880927
20071023 0.87955
20071024 -1.56965
20071025 0.224264
20071026 -0.0620542
20071029 0.678892
20071030 -0.977646
20071031 -0.677161
20071101 -1.8645
20071102 -1.07026
20071105 0.613274
20071106 -0.341146
20071107 -1.45389
20071108 -1.74197
20071109 0.0968473
20071112 -0.968089
20071113 0.62272
20071114 -0.253528
20071115 -0.163902
20071116 -0.0272567
20071119 -1.56162
20071120 2.32507
20071121 -2.22255
20071122 0.810575
20071123 -2.4384
20071126 0.772787
20071127 0.673935
20071128 -1.81313
20071129 -0.089183
20071130 1.02562
20071203 -0.455523
20071204 1.09801
20071205 0.5846
20071206 -1.0277
20071207 -0.594792
20071210 -1.17752
20071211 -0.121979
20071212 -0.0559114
20071213 -3.50725
20071214 -0.832737
20071217 -2.62075
20071218 0.990844
20071219 1.69141
20071220 -2.32578
20071221 0.484615
20071224 0.755966
20071225 0.0108943
20071226 0.380778
20071227 1.76921
20071228 1.54341
20071231 0.662223
20080102 -1.98456
20080103 0.153212
20080104 1.07031
20080107 -0.961691
20080108 0.678324
20080109 3.09736
20080110 -1.17514
20080111 -1.2884
20080114 -0.976373
20080115 1.35397
20080116 -1.28851
20080117 -1.74114
20080118 3.14801
20080121 -0.701315
20080122 -0.173926
20080123 -3.89024
20080124 -1.59938
20080125 1.19373
20080128 -2.51367
20080129 -0.227689
20080130 -0.799418
20080131 -0.093652
20080201 0.793453
20080212 -0.198195
20080213 -1.23286
20080214 1.99482
20080215 1.41479
20080218 -0.434052
20080219 0.487635
20080220 -1.3206
20080221 1.29761
20080222 1.19001
20080225 0.697414
20080226 -0.857801
20080227 0.725617
20080229 0.541498
20080303 0.598633
20080304 2.30813
20080305 -0.117961
20080306 1.1632
20080307 -0.0686446
20080310 -2.36965
20080311 2.13068
20080312 -1.66184
20080313 -2.34846
20080314 -1.58842
20080317 -0.445824
20080318 0.23049
20080319 -0.443654
20080320 2.28289
20080321 0.844977
20080324 -2.03201
20080325 -0.662886
20080326 -0.093103
20080327 -1.06011
20080328 0.367442
20080331 -0.387066
20080401 -2.01881
20080402 0.311595
20080403 0.0289769
20080407 1.05526
20080408 -0.507166
20080409 -0.192644
20080410 1.6966
20080411 0.416219
20080414 0.171332
20080415 -0.070538
20080416 0.648452
20080417 -1.03587
20080418 -0.204443
20080421 -0.80213
20080422 -0.33801
20080423 -0.267034
20080424 -0.389339
20080425 -1.16499
20080428 1.27005
20080429 -1.81556
20080430 0.0257894
20080502 -0.382635
20080505 -1.4659
20080506 0.0584027
20080507 0.0718633
20080508 0.0100347
20080509 -1.15413
20080512 0.243625
20080513 1.06341
20080514 -0.226021
20080515 0.703489
20080516 -0.149815
20080519 0.493319
20080520 -2.58928
20080521 -0.232389
20080522 1.22587
20080523 -1.9149
20080526 -1.14557
20080527 -0.0108231
20080528 -1.82634
20080529 -1.01312
20080530 -1.6345
20080602 0.995421
20080603 -0.983656
20080604 0.383018
20080605 1.02593
20080606 -0.649362
20080609 0.76962
20080610 -2.47018
20080611 -0.675049
20080612 -1.82688
20080613 -0.171198
20080616 -0.261868
20080617 0.237584
20080618 0.722424
20080619 -0.340788
20080620 -2.29885
20080623 1.40198
20080624 -1.90943
20080625 1.34097
20080626 -0.771798
20080627 0.78491
20080630 -1.03873
20080701 -1.60137
20080702 -0.438921
20080703 2.82794
20080704 -2.38922
20080707 1.84783
20080708 -3.06655
20080709 -1.47379
20080710 0.668978
20080711 2.09985
20080714 -0.793573
20080715 -2.68746
20080716 -1.9775
20080717 1.19204
20080718 -3.6772
20080721 1.34388
20080722 0.509401
20080723 1.60698
20080724 0.148565
20080725 0.281428
20080729 -0.540368
20080730 -1.07607
20080731 -1.55542
20080801 1.18181
20080804 0.433407
20080805 -2.73755
20080806 1.22078
20080807 0.0327571
20080808 2.97525
20080811 0.171474
20080812 -0.597875
20080813 0.272941
20080814 0.840468
20080815 -2.41213
20080818 -2.62793
20080819 1.48875
20080820 1.63754
20080821 -1.02233
20080822 -0.782071
20080825 0.8123
20080826 0.280195
20080827 1.87157
20080828 -0.803204
20080829 -0.658977
20080901 -2.21222
20080902 -1.51611
20080903 -1.81813
20080904 -1.86758
20080905 1.28809
20080908 1.49313
20080909 -2.63449
20080910 0.965092
20080911 -2.89726
20080912 -0.440628
20080915 -2.35306
20080916 0.14648
20080917 -2.56992
20080918 1.50953
20080919 1.00867
20080922 -0.751353
20080923 2.75323
20080924 -0.0713687
20080925 0.068187
20080926 -2.71545
20080930 3.33458
20081001 -1.53724
20081002 -1.05404
20081003 2.3295
20081006 -1.09331
20081007 3.20873
20081008 -3.12359
20081009 -1.01709
20081013 0.487982
20081014 -0.55795
20081015 0.405928
20081016 0.136127
20081017 -0.668633
20081020 1.78585
20081021 -0.92466
20081022 0.389781
20081023 0.518045
20081024 -0.424206
20081027 1.52372
20081028 5.75505
20081029 -4.67339
20081030 5.2856
20081031 3.46047
20081103 1.4073
20081104 0.027646
20081105 -1.94504
20081106 -0.105759
20081107 6.13798
20081110 0.608288
20081111 -0.302196
20081112 0.618452
20081113 0.284279
20081114 -1.86736
20081117 1.77122
20081118 -1.40071
20081119 0.424047
20081120 -0.742137
20081121 5.25931
20081124 0.0428078
20081125 -0.325667
20081126 0.144173
20081127 2.4206
20081128 0.362709
20081201 1.85545
20081202 1.0783
20081203 -0.892536
20081204 -2.13219
20081205 0.284828
20081208 3.26555
20081209 -0.14467
20081210 4.20826
20081211 -0.203004
20081212 -2.60163
20081215 0.200244
20081216 1.01455
20081217 -1.23687
20081218 0.437497
20081219 0.704253
20081222 -4.2159
20081223 -2.46156
20081224 2.13998
20081225 -0.375836
20081226 0.603617
20081229 -0.297785
20081230 2.8172
20081231 -0.794294
20090105 -0.570333
20090106 0.163569
20090107 0.196633
20090108 -2.88677
20090109 -0.273745
20090110 0.382197
20090112 -0.752734
20090113 2.02549
20090114 -0.369741
20090115 -0.683146
20090116 -0.481843
20090117 -0.382393
20090119 -0.508542
20090120 -1.43437
20090121 1.99991
20090202 -0.400274
20090203 1.68001
20090204 -0.7369
20090205 -0.400607
20090206 0.742406
20090209 -1.49233
20090210 0.0453199
20090211 2.87102
20090212 -2.50758
20090213 1.94885
20090216 -0.315045
20090217 -1.77544
20090218 0.956519
20090219 1.20018
20090220 -1.04753
20090223 1.29738
20090224 0.504316
20090225 -0.114915
20090226 -0.658888
20090227 0.742553
20090302 -2.26223
20090303 1.62612
20090304 2.22184
20090305 0.187103
20090306 1.05954
20090309 -0.331205
20090310 1.4134
20090311 -0.622987
20090312 -0.576304
20090313 1.08195
20090316 0.61669
20090317 0.849992
20090318 -0.533829
20090319 -1.07199
20090320 -1.94911
20090323 2.02246
20090324 0.0840125
20090325 1.85948
20090326 0.219359
20090327 -1.42251
20090330 -2.92473
20090331 -0.0790057
20090401 0.80845
20090402 0.826313
20090403 -0.21132
20090406 -0.616738
20090407 1.43638
20090408 -1.64457
20090409 2.43647
20090410 -0.050821
20090413 0.74766
20090414 1.34597
20090415 -0.0794223
20090416 -0.207998
20090417 -5.16054
20090420 0.298035
20090421 3.8029
20090422 -0.0232717
20090423 -0.427255
20090424 -0.547254
20090427 -3.82376
20090428 -2.57695
20090429 -0.239536
20090430 0.478536
20090504 0.712737
20090505 -2.71145
20090506 2.7725
20090507 -0.464145
20090508 1.1313
20090511 0.999739
20090512 -1.79733
20090513 0.553227
20090514 0.0220015
20090515 0.662229
20090518 0.946577
20090519 -1.39925
20090520 -0.0733382
20090521 0.417884
20090522 1.30487
20090525 -1.52427
20090526 -1.43444
20090527 1.32165
20090601 -1.12649
20090602 -1.54489
20090603 -0.316122
20090604 -1.47825
20090605 -0.858954
20090606 0.895693
20090608 -4.04353
20090609 -3.35174
20090610 -0.249904
20090611 1.6838
20090612 -1.5925
20090615 -2.14799
20090616 0.00434077
20090617 -0.698767
20090618 -1.63795
20090619 0.697801
20090622 1.3559
20090623 -0.142433
20090624 2.3965
20090625 0.462516
20090626 -0.799309
20090629 -1.86213
20090630 -0.819849
20090701 2.06521
20090702 0.813605
20090703 0.488769
20090706 -0.614403
20090707 0.590343
20090708 0.00240187
20090709 0.768435
20090710 -0.552337
20090713 -3.89111
20090714 0.827807
20090715 0.993968
20090716 -1.21739
20090717 -0.0141525
20090720 0.248781
20090721 -0.602675
20090722 0.0846729
20090723 -0.098889
20090724 -1.03854
20090727 0.288948
20090728 1.47612
20090729 -1.41799
20090730 -0.514766
20090731 -0.470247
20090803 0.287641
20090804 -2.43442
20090805 -1.88388
20090806 -0.262104
20090810 0.349912
20090811 0.0661867
20090812 0.29891
20090813 1.22973
20090814 -0.314589
20090817 -1.45673
20090818 -0.78179
20090819 -0.805265
20090820 -0.761693
20090821 -1.92906
20090824 1.05649
20090825 -0.45115
20090826 -1.42611
20090827 0.187321
20090828 1.22543
20090831 -0.276994
20090901 2.70856
20090902 1.05639
20090903 0.623026
20090904 -0.196873
20090907 0.450903
20090908 0.698866
20090909 -1.27364
20090910 -2.33647
20090911 0.508635
20090914 -1.09158
20090915 1.05036
20090916 0.340936
20090917 -0.338414
20090918 0.84626
20090921 -0.27303
20090922 -0.71516
20090923 -1.56419
20090924 -0.649606
20090925 0.641926
20090928 -0.652989
20090929 0.597632
20090930 0.705419
20091001 -0.476033
20091002 -0.0442374
20091005 0.185066
20091006 0.755932
20091007 -0.119849
20091008 -1.4746
20091009 -0.0109613
20091012 -0.266268
20091013 1.49831
20091014 0.610273
20091015 -0.873581
20091016 0.039812
20091019 0.505551
20091020 -0.698124
20091021 -0.648241
20091022 -1.10259
20091023 -0.0308477
20091026 -0.425779
20091027 0.291418
20091028 -1.35503
20091029 -0.828352
20091030 -1.19321
20091102 1.33844
20091103 -0.223857
20091104 1.23675
20091105 -0.724742
20091106 -0.709783
20091109 -0.342338
20091110 -0.260721
20091111 0.846694
20091112 -0.153849
20091113 0.189514
20091116 1.17775
20091117 -1.80649
20091118 0.000125737
20091119 -0.102987
20091120 -0.758875
20091123 -0.100716
20091124 -0.110963
20091125 0.48622
20091126 -0.719663
20091127 -1.62192
20091130 -0.00632995
20091201 0.436975
20091202 -0.492766
20091203 -0.631535
20091204 -0.445405
20091207 0.92087
20091208 -0.430132
20091209 0.643036
20091210 -1.85039
20091211 1.10389
20091214 0.333495
20091215 -0.39433
20091216 -0.63707
20091217 -0.801187
20091218 0.821669
20091221 -0.133116
20091222 0.0757982
20091223 0.110861
20091224 0.355375
20091225 -0.435968
20091228 0.62379
20091229 -0.422597
20091230 0.413046
20091231 0.403915
20100104 -0.177202
20100105 -0.801062
20100106 1.09894
20100107 -1.28395
20100108 0.169717
20100111 0.389564
20100112 -0.41181
20100113 -0.397247
20100114 0.535058
20100115 0.19531
20100118 0.572235
20100119 -1.65314
20100120 -1.06221
20100121 -0.752548
20100122 -0.740257
20100125 0.352956
20100126 -3.84941
20100127 -1.04311
20100128 0.84428
20100129 0.619751
20100201 -1.68829
20100202 -2.67405
20100203 0.321513
20100204 -0.279643
20100205 -1.43831
20100206 -0.439491
20100208 -0.286736
20100209 1.8729
20100210 0.050009
20100222 -0.785185
20100223 0.288027
20100224 0.17561
20100225 -1.86908
20100226 -0.202248
20100301 1.13322
20100302 -0.679772
20100303 0.00970318
20100304 -1.22913
20100305 0.0848591
20100308 0.264412
20100309 0.105508
20100310 -0.23879
20100311 -0.868934
20100312 -0.324048
20100315 -1.49596
20100316 0.315714
20100317 1.08727
20100318 0.318903
20100319 -0.0139209
20100322 -0.32969
20100323 -0.866104
20100324 -0.667406
20100325 0.170739
20100326 0.879977
20100329 0.359896
20100330 -0.374117
20100331 -0.538121
20100401 0.760375
20100402 -0.253034
20100406 0.0819014
20100407 -0.118308
20100408 -0.597087
20100409 0.229265
20100412 -0.392769
20100413 -0.751619
20100414 0.23756
20100415 0.0468906
20100416 -0.61604
20100419 -1.8593
20100420 -0.0972412
20100421 0.510315
20100422 0.374893
20100423 -0.209679
20100426 0.628081
20100427 -0.347531
20100428 1.72253
20100429 -0.640395
20100430 -1.38165
20100503 -0.346248
20100504 -0.949444
20100505 -0.802666
20100506 -1.51749
20100507 2.35119
20100510 0.707541
20100511 -1.42171
20100512 -0.791295
20100513 0.870903
20100514 0.472229
20100517 -1.28699
20100518 -0.587152
20100519 0.418991
20100520 -1.75647
20100521 0.118133
20100524 0.364303
20100525 -2.09708
20100526 0.083087
20100527 1.45263
20100528 -0.592064
20100531 0.844065
20100601 -0.514257
20100602 -0.787009
20100603 0.515807
20100604 -0.446899
20100607 0.253094
20100608 0.135533
20100609 -1.31897
20100610 0.667351
20100611 -0.0476516
20100614 0.196255
20100615 0.886372
20100617 0.168725
20100618 -0.602768
20100621 0.521725
20100622 -0.235366
20100623 0.0773448
20100624 -0.155624
20100625 -0.466199
20100628 -0.0847174
20100629 -1.73678
20100630 0.714267
20100701 -0.994011
20100702 0.627734
20100705 1.20769
20100706 2.20911
20100707 -0.340734
20100708 -0.0507029
20100709 0.0410792
20100712 -0.452291
20100713 -0.87792
20100714 0.334121
20100715 0.0653262
20100716 -0.682503
20100719 0.620175
20100720 0.431568
20100721 -0.531999
20100722 -0.428867
20100723 0.183173
20100726 0.00488465
20100727 -0.746072
20100728 0.623275
20100729 0.260325
20100730 -0.0594973
20100802 1.05362
20100803 -0.0521296
20100804 0.155275
20100805 -0.914096
20100806 0.317582
20100809 0.750129
20100810 -0.962839
20100811 -0.360192
20100812 0.517752
20100813 0.581191
20100816 0.722202
20100817 -0.39698
20100818 -0.68208
20100819 0.0436562
20100820 0.153502
20100823 0.475173
20100824 -0.538352
20100825 -1.93407
20100826 -0.691946
20100827 0.263811
20100830 -0.718965
20100831 -0.691461
20100901 0.322363
20100902 -0.566402
20100903 0.76284
20100906 0.142772
20100907 -0.378804
20100908 -0.191195
20100909 -0.83892
20100910 -0.132272
20100913 1.62422
20100914 0.134454
20100915 0.137256
20100916 -0.918673
20100917 0.0906661
20100920 0.147771
20100921 -0.64487
20100923 0.0104899
20100924 -0.189926
20100927 -0.577372
20100928 -0.150816
20100929 -0.00923046
20100930 -0.25983
20101001 -0.180412
20101004 -0.182305
20101005 -0.212107
20101006 -0.147057
20101007 -0.252745
20101008 -0.747983
20101011 -1.22038
20101012 -1.05764
20101013 -0.12357
20101014 0.414843
20101015 -0.140812
20101018 -1.81316
20101019 0.0165332
20101020 1.64122
20101021 -0.0533441
20101022 -0.0177453
20101025 1.25513
20101026 0.0753306
20101027 -0.94041
20101028 0.469631
20101029 -0.734271
20101101 0.434235
20101102 -0.421236
20101103 -1.19876
20101104 0.438501
20101105 0.0536457
20101108 -0.5084
20101109 0.177087
20101110 -0.0763851
20101111 -0.000821806
20101112 -1.05159
20101115 -0.569265
20101116 0.947148
20101117 0.0677561
20101118 -0.0253406
20101119 -0.461853
20101122 0.378624
20101123 -0.710873
20101124 0.238238
20101125 0.144999
20101126 -0.706215
20101129 -0.388101
20101130 -0.145017
20101201 1.06174
20101202 -0.142361
20101203 -0.0795993
20101206 0.30869
20101207 -0.133207
20101208 -0.27601
20101209 -0.176752
20101210 -0.250322
20101213 -0.137733
20101214 -0.358767
20101215 0.015872
20101216 0.130661
20101217 -0.114968
20101220 -1.04242
20101221 0.2832
20101222 0.149433
20101223 0.0839008
20101224 -0.555638
20101227 0.289169
20101228 -0.543767
20101229 -0.132348
20101230 0.278055
20101231 0.40722
20110103 -0.158525
20110104 -0.529788
20110105 -1.86382
20110106 0.191507
20110107 -1.37593
20110110 0.225392
20110111 1.36868
20110112 -0.300375
20110113 -0.648536
20110114 -0.142789
20110117 -0.820099
20110118 1.10418
20110119 0.695086
20110120 -0.41535
20110121 0.213645
20110124 -0.398502
20110125 -0.114984
20110126 0.501417
20110127 0.0966625
20110128 0.25421
20110208 -1.18462
20110209 -1.11045
20110210 -1.40047
20110211 -2.62994
20110214 0.21761
20110215 0.493248
20110216 -0.313036
20110217 -0.627439
20110218 0.914562
20110221 -0.3151
20110222 -0.813507
20110223 -0.87607
20110224 -0.228012
20110225 0.020706
20110301 1.34431
20110302 -0.639393
20110303 0.885979
20110304 -0.353004
20110307 -0.639463
20110308 0.640241
20110309 -0.684764
20110310 -1.27376
20110311 0.0106241
20110314 -1.11731
20110315 -3.04986
20110316 0.0865681
20110317 1.12558
20110318 0.610753
20110321 0.546802
20110322 -0.178681
20110323 0.177614
20110324 -0.154948
20110325 -0.404615
20110328 -0.406739
20110329 0.680802
20110330 0.470373
20110331 -0.00449838
20110401 0.0838144
20110406 0.910276
20110407 0.189985
20110408 -0.111185
20110411 -0.476092
20110412 -1.20633
20110413 0.598651
20110414 0.17047
20110415 -1.25172
20110418 -0.435062
20110419 -0.056119
20110420 1.24993
20110421 0.726184
20110422 -0.122489
20110425 -0.722724
20110426 0.608611
20110427 0.410215
20110428 -0.530315
20110429 -0.470915
20110503 -0.757128
20110504 0.112448
20110505 0.98956
20110506 -0.227835
20110509 0.374155
20110510 -0.275962
20110511 -0.589378
20110512 0.622762
20110513 -0.364393
20110516 -0.944682
20110517 -0.371865
20110518 0.668956
20110519 -0.663187
20110520 -1.20019
20110523 -0.225726
20110524 0.302167
20110525 -0.0596631
20110526 -0.10105
20110527 0.0421285
20110530 0.753849
20110531 1.44753
20110601 0.694565
20110602 0.107445
20110603 0.240901
20110607 0.35334
20110608 -0.412603
20110609 -0.217937
20110610 -2.2619
20110613 -0.89539
20110614 1.05262
20110615 -0.0272832
20110616 -0.977251
20110617 -0.407666
20110620 -1.71066
20110621 0.299704
20110622 -0.494241
20110623 -0.393786
20110624 -0.404202
20110627 0.517951
20110628 -0.670907
20110629 0.386756
20110630 0.821593
20110701 0.638279
20110704 -0.30438
20110705 0.0822664
20110706 0.381074
20110707 -0.245368
20110708 -0.377673
20110711 -0.956623
20110712 -1.05367
20110713 0.091976
20110714 -0.166678
20110715 0.944235
20110718 -0.135551
20110719 -0.0425633
20110720 1.08725
20110721 0.129796
20110722 -0.0641878
20110725 -0.926103
20110726 1.07637
20110727 0.482162
20110728 0.313165
20110729 -1.07053
20110801 0.827467
20110802 -0.514192
20110803 -0.112082
20110804 -1.83066
20110805 -1.37815
20110808 -2.79037
20110809 3.18913
20110810 0.242819
20110811 2.01813
20110812 -2.41227
20110815 0.646404
20110816 -1.12009
20110817 -0.844172
20110818 -1.37569
20110819 -0.962995
20110822 -0.491516
20110823 2.45338
20110824 -1.17984
20110825 -1.96575
20110826 0.0884595
20110829 1.27076
20110830 -0.106869
20110831 0.993313
20110901 -0.531087
20110902 -0.566827
20110905 -1.13029
20110906 -1.72153
20110907 0.813034
20110908 -0.696197
20110909 0.559572
20110913 -1.84103
20110914 -3.04513
20110915 0.150518
20110916 1.10898
20110919 -1.21421
20110920 0.0968526
20110921 0.269035
20110922 -1.53636
20110923 -0.776186
20110926 -2.12581
20110927 0.83657
20110928 -0.0195835
20110929 1.30449
20110930 0.0445812
20111003 -1.60886
20111004 1.59472
20111005 -1.01994
20111006 0.527022
20111007 0.0144231
20111011 0.678338
20111012 -0.104329
20111013 0.069376
20111014 -0.974631
20111017 0.650762
20111018 0.100105
20111019 -0.545866
20111020 -1.41006
20111021 -0.247507
20111024 1.60314
20111025 -0.198108
20111026 1.31827
20111027 0.223229
20111028 -1.00322
20111031 -0.651917
20111101 0.990687
20111102 1.30537
20111103 -1.88257
20111104 0.285165
20111107 -0.018889
20111108 -0.67534
20111109 -1.102
20111110 -1.64951
20111111 -0.0331076
20111114 0.715854
20111115 -0.325194
20111116 -1.77411
20111117 0.739616
20111118 -0.85402
20111121 -1.72502
20111122 -0.914135
20111123 -2.31398
20111124 1.71094
20111125 -1.76388
20111128 0.795991
20111129 0.316796
20111130 -1.39211
20111201 0.648866
20111202 -0.325514
20111205 -0.720322
20111206 -1.68969
20111207 0.411466
20111208 -0.509219
20111209 0.0265486
20111212 -0.381043
20111213 0.19221
20111214 0.145096
20111215 -1.59423
20111216 0.0305148
20111219 -2.17251
20111220 0.119769
20111221 1.27715
20111222 -0.0268378
20111223 1.07504
20111226 -0.455576
20111227 -0.0066363
20111228 -0.415323
20111229 0.682523
20111230 -0.531235
20120102 -1.68483
20120103 0.68504
20120104 -0.142387
20120105 0.44384
20120106 -0.126516
20120109 -0.141485
20120110 0.701518
20120111 -0.206718
20120112 -0.219369
20120113 -0.618582
20120116 -1.90971
20120117 1.07612
20120118 -0.0255696
20120130 0.334429
20120131 1.0833
20120201 0.383627
20120202 0.507893
20120203 0.212962
20120204 0.125336
20120206 -0.829431
20120207 0.352589
20120208 1.33306
20120209 0.603049
20120210 -0.761616
20120213 0.811549
20120214 -0.670251
20120215 1.08379
20120216 -1.42852
20120217 -0.786113
20120220 -0.064955
20120221 -0.396829
20120222 1.17976
20120223 -0.559015
20120224 -0.15405
20120229 0.93585
20120301 -0.113564
20120302 -0.218456
20120303 -0.0677345
20120305 -1.2403
20120306 -0.860262
20120307 0.721212
20120308 0.39759
20120309 0.0426819
20120312 -1.26195
20120313 0.511972
20120314 -0.0946789
20120315 -0.24945
20120316 -0.926657
20120319 -0.857095
20120320 -1.11883
20120321 -0.144118
20120322 0.778725
20120323 0.107583
20120326 -1.31671
20120327 -0.0468088
20120328 -0.452903
20120329 -1.56554
20120330 1.28673
20120402 -0.543646
20120403 -1.72059
20120405 0.480183
20120406 0.500266
20120409 0.173834
20120410 -0.239581
20120411 0.839332
20120412 -0.0852738
20120413 0.694549
20120416 -0.225883
20120417 -1.94954
20120418 -0.931156
20120419 0.268474
20120420 -1.24211
20120423 -0.10322
20120424 0.560811
20120425 0.137703
20120426 -0.989658
20120427 -1.17303
20120430 0.840142
20120502 2.19723
20120503 -0.150309
20120504 1.06592
20120507 -0.923591
20120508 -0.349308
20120509 -0.12852
20120510 0.0651095
20120511 -0.952685
20120514 -0.171991
20120515 0.912843
20120516 -1.92688
20120517 0.716967
20120518 -1.39337
20120521 0.381444
20120522 0.233264
20120523 -0.91286
20120524 -0.431124
20120525 -0.628136
20120528 0.968514
20120529 2.26629
20120530 -0.952588
20120531 1.6227
20120601 -1.49161
20120604 -0.180534
20120605 0.170711
20120606 0.259025
20120607 -0.749529
20120608 -0.481408
20120611 0.543791
20120612 0.506508
20120613 -0.202305
20120614 -0.306611
20120615 0.871583
20120618 0.243535
20120619 -0.18404
20120620 0.347504
20120621 -0.311434
20120622 0.156016
20120625 -0.778527
20120626 -0.102027
20120627 0.630703
20120628 -0.841721
20120629 1.57069
20120702 0.178262
20120703 0.746801
20120704 0.108298
20120705 -0.334163
20120706 -0.32721
20120709 0.112847
20120710 -0.74475
20120711 0.70528
20120712 -1.51846
20120713 -0.1247
20120716 -0.643221
20120717 0.994788
20120718 -1.17208
20120719 0.551947
20120720 0.395156
20120723 -1.08726
20120724 0.055824
20120725 0.678144
20120726 -0.602458
20120727 0.907311
20120730 -0.00461054
20120731 1.82004
20120801 0.350426
20120803 -0.0415483
20120806 -0.347525
20120807 0.0764048
20120808 -0.160811
20120809 1.25077
20120810 -0.0300905
20120813 -0.793914
20120814 0.432659
20120815 -0.294665
20120816 0.194361
20120817 -0.465559
20120820 -0.670133
20120821 0.634226
20120822 0.00947136
20120823 0.248309
20120824 -0.0272748
20120827 -0.48278
20120828 -1.05664
20120829 0.15814
20120830 -0.00841172
20120831 0.459173
20120903 0.270913
20120904 -0.267155
20120905 -0.841061
20120906 -0.762827
20120907 -0.128053
20120910 0.637501
20120911 -0.161394
20120912 0.688552
20120913 0.0216394
20120914 1.01392
20120917 -0.0801959
20120918 -0.0815193
20120919 0.54771
20120920 -0.69727
20120921 -0.112068
20120924 0.102698
20120925 -0.416021
20120926 -0.430237
20120927 0.233628
20120928 0.141872
20121001 -0.342761
20121002 0.202257
20121003 -0.554516
20121004 0.0502686
20121005 -0.0441887
20121008 -1.19461
20121009 -0.0206795
20121011 -0.571878
20121012 -0.26111
20121015 -0.192653
20121016 0.446772
20121017 -0.546409
20121018 -0.115863
20121019 -0.468188
20121022 0.542731
20121023 -0.406924
20121024 0.366894
20121025 -0.919843
20121026 -2.16567
20121029 -0.776951
20121030 0.721341
20121031 -0.747508
20121101 0.527444
20121102 -0.300462
20121105 -0.214007
20121106 0.18912
20121107 0.516296
20121108 0.188545
20121109 1.20813
20121112 -0.495352
20121113 -1.74317
20121114 0.254424
20121115 0.165729
20121116 0.0677814
20121119 -0.0794696
20121120 -0.464265
20121121 -0.863607
20121122 -0.155126
20121123 2.47643
20121126 0.474612
20121127 0.289657
20121128 0.222558
20121129 0.463515
20121130 0.812602
20121203 0.227628
20121204 0.381269
20121205 0.969159
20121206 -0.492241
20121207 0.026305
20121210 -0.638387
20121211 -0.0959199
20121212 0.474138
20121213 0.562635
20121214 -0.312187
20121217 -0.439538
20121218 0.307734
20121219 0.0826519
20121220 -0.662687
20121221 -0.95672
20121222 0.034761
20121224 -0.0946634
20121225 1.06309
20121226 -0.161117
20121227 0.178267
20121228 -0.0177917
20130102 0.532052
20130103 0.134162
20130104 -0.157065
20130107 -0.538152
20130108 -0.199167
20130109 0.158421
20130110 0.39404
20130111 -0.311337
20130114 0.362894
20130115 -0.747615
20130116 -0.845466
20130117 -1.70263
20130118 0.462375
20130121 -0.00569477
20130122 0.158905
20130123 -0.373334
20130124 -0.27277
20130125 -0.294596
20130128 0.377326
20130129 0.747017
20130130 0.000380255
20130131 0.218948
20130201 0.0282695
20130204 0.512516
20130205 -0.123216
20130206 -0.234817
20130218 -0.71444
20130219 -0.169543
20130220 0.0971168
20130221 -0.786234
20130222 -0.00200894
20130223 0.0970057
20130225 -0.49068
20130226 -0.133186
20130227 0.151536
20130301 0.592464
20130304 -1.24125
20130305 0.281527
20130306 -0.0981396
20130307 0.120865
20130308 0.427768
20130311 0.20993
20130312 -0.55094
20130313 -0.291688
20130314 -0.63306
20130315 -0.778251
20130318 -0.955408
20130319 -0.0637473
20130320 -0.46843
20130321 -0.218552
20130322 -0.195862
20130325 -0.0821608
20130326 -0.220231
20130327 0.271444
20130328 -0.491165
20130329 0.178504
20130401 -0.441249
20130402 0.202858
20130403 -0.0851669
20130408 -1.00151
20130409 -0.490304
20130410 -0.259237
20130411 0.891047
20130412 -0.502349
20130415 -0.662673
20130416 1.43208
20130417 -0.175643
20130418 0.126841
20130419 0.78664
20130422 -0.0717169
20130423 -0.165284
20130424 0.580516
20130425 0.0794737
20130426 -0.154461
20130429 -0.173673
20130430 0.343919
20130502 0.210562
20130503 -0.275574
20130506 -0.237287
20130507 -0.177559
20130508 1.09013
20130509 -0.342545
20130510 -0.0497336
20130513 -0.448134
20130514 -0.246366
20130515 0.659361
20130516 0.329562
20130517 -0.108261
20130520 0.144647
20130521 0.0201573
20130522 -0.180884
20130523 -1.5538
20130524 -0.766688
20130527 0.744867
20130528 -0.314876
20130529 0.417913
20130530 -0.885896
20130531 -0.768981
20130603 0.281846
20130604 -0.630816
20130605 -0.166059
20130606 -0.484538
20130607 -0.231084
20130610 -0.0117621
20130611 -0.767828
20130613 -1.1172
20130614 -0.513987
20130617 0.493361
20130618 0.202756
20130619 -0.322777
20130620 -0.672124
20130621 0.18602
20130624 -0.390584
20130625 -1.12395
20130626 -0.0582853
20130627 0.543022
20130628 1.68593
20130701 0.300174
20130702 -0.570341
20130703 -1.00243
20130704 -0.322499
20130705 0.876417
20130708 -1.17505
20130709 1.00932
20130710 0.460185
20130711 1.21978
20130712 0.398521
20130715 0.934428
20130716 0.200036
20130717 0.240931
20130718 -0.526814
20130719 -0.688723
20130722 0.165847
20130723 0.759626
20130724 -0.324209
20130725 -0.117578
20130726 -0.475797
20130729 -0.756679
20130730 0.620964
20130731 -0.67986
20130801 -0.67207
20130802 -0.180293
20130805 0.424838
20130806 -1.11859
20130807 -0.904224
20130808 -0.0319875
20130809 -1.24274
20130812 0.319357
20130813 0.636105
20130814 -0.34354
20130815 -0.199291
20130816 0.89526
20130819 -0.469171
20130820 -0.807078
20130822 0.449132
20130823 0.121826
20130826 -0.146079
20130827 -0.699477
20130828 0.612971
20130829 0.964933
20130830 0.904402
20130902 0.35842
20130903 -0.0900487
20130904 0.207893
20130905 0.738169
20130906 -0.199615
20130909 0.191282
20130910 -0.102716
20130911 0.421433
20130912 0.549858
20130913 -0.510955
20130914 -0.329647
20130916 0.802602
20130917 0.106176
20130918 -0.472832
20130923 0.802624
20130924 0.0436395
20130925 0.00363105
20130926 -1.27163
20130927 0.103985
20130930 -0.0121072
20131001 0.159405
20131002 0.00681077
20131003 1.54695
20131004 0.224418
20131007 -0.254341
20131008 0.423488
20131009 -0.09003
20131011 -0.690817
20131014 -0.791731
20131015 0.569672
20131016 -0.618445
20131017 -0.193069
20131018 0.295382
20131021 -0.441774
20131022 0.126664
20131023 -0.31093
20131024 0.589035
20131025 -0.402007
20131028 0.506853
20131029 0.311273
20131030 0.423033
20131031 0.145771
20131101 -1.01824
20131104 -0.211309
20131105 -1.10976
20131106 0.0833759
20131107 -0.172927
20131108 -0.0693352
20131111 -0.563141
20131112 -0.465899
20131113 -1.15864
20131114 -0.0357549
20131115 0.100628
20131118 -0.126674
20131119 0.550334
20131120 -0.555732
20131121 -1.20044
20131122 0.108533
20131125 0.0563353
20131126 0.577016
20131127 0.0995459
20131128 0.502116
20131129 0.390374
20131202 -0.173561
20131203 -0.180672
20131204 0.460169
20131205 -0.652275
20131206 -0.0584122
20131209 0.0575887
20131210 -0.0996227
20131211 -0.203414
20131212 -0.52691
20131213 0.262485
20131216 -0.656722
20131217 0.0113652
20131218 -0.152001
20131219 0.0834573
20131220 0.0990489
20131223 0.181252
20131224 -0.265895
20131225 0.0740949
20131226 0.214452
20131227 0.521858
20131230 0.833708
20131231 -0.289356
20140102 -0.0703081
20140103 -0.444978
20140106 -0.619551
20140107 -0.0359415
20140108 0.0865569
20140109 -0.480611
20140110 -0.348516
20140113 -0.247919
20140114 0.031358
20140115 0.405474
20140116 -0.47876
20140117 -0.376546
20140120 0.302128
20140121 -0.460774
20140122 0.306075
20140123 -0.572151
20140124 0.195996
20140127 -0.668
20140205 -0.309878
20140206 0.299893
20140207 0.0400689
20140210 -0.290738
20140211 0.198473
20140212 0.46462
20140213 -0.45284
20140214 -0.127401
20140217 -0.214109
20140218 0.297989
20140219 0.139523
20140220 -0.358252
20140221 0.356659
20140224 -0.49979
20140225 -0.0643217
20140226 0.37134
20140227 0.151513
20140303 -0.291752
20140304 -0.338321
20140305 0.124554
20140306 0.617762
20140307 -0.465808
20140310 -0.473092
20140311 0.0847631
20140312 0.153725
20140313 0.114222
20140314 -0.116129
20140317 0.0326522
20140318 -0.176504
20140319 -0.635328
20140320 -0.477622
20140321 -0.759595
20140324 0.762392
20140325 1.16553
20140326 -0.043024
20140327 0.480806
20140328 -0.0600292
20140331 0.526536
20140401 0.291732
20140402 -0.0120062
20140403 -0.161749
20140407 0.356479
20140408 0.105533
20140409 0.203993
20140410 -0.181165
20140411 0.0889866
20140414 -0.447449
20140415 0.202947
20140416 0.0308259
20140417 0.0215795
20140418 -0.312508
20140421 -0.115261
20140422 0.206451
20140423 -0.584598
20140424 -0.260571
20140425 -1.91922
20140428 1.49272
20140429 0.299705
20140430 -1.0608
20140502 0.231268
20140505 -0.28598
20140506 0.269332
20140507 -0.117928
20140508 0.0637568
20140509 -0.597656
20140512 -0.95696
20140513 -0.537695
20140514 0.374465
20140515 0.313235
20140516 0.353728
20140519 -0.0184198
20140520 -0.384328
20140521 -0.356866
20140522 0.784393
20140523 0.529303
20140526 -0.0483394
20140527 0.112879
20140528 0.547506
20140529 -0.158492
20140530 -0.599628
20140603 0.185026
20140604 -0.164749
20140605 0.14418
20140606 -0.363991
20140609 0.0962488
20140610 0.440755
20140611 0.122577
20140612 -0.0579788
20140613 0.0398051
20140616 0.0728474
20140617 0.190611
20140618 0.240658
20140619 0.302724
20140620 -0.606189
20140623 -0.696326
20140624 0.150022
20140625 -0.086158
20140626 0.513083
20140627 -0.107971
20140630 0.649668
20140701 0.52006
20140702 0.0312166
20140703 0.606733
20140704 -0.166702
20140707 0.241445
20140708 0.166059
20140709 -0.21051
20140710 0.549049
20140711 -0.688895
20140714 0.236794
20140715 0.112466
20140716 -0.894427
20140717 -0.126008
20140718 0.702594
20140721 -0.135507
20140722 0.48798
20140724 0.202774
20140725 -0.847692
20140728 0.0454476
20140729 -0.69699
20140730 0.397459
20140731 -1.27374
20140801 0.463583
20140804 0.537703
20140805 -1.8824
20140806 -0.0479936
20140807 -0.340622
20140808 -0.375433
20140811 0.69244
20140812 -0.280008
20140813 0.833314
20140814 -0.493723
20140815 -0.398763
20140818 -0.882829
20140819 0.600203
20140820 0.106696
20140821 -0.360085
20140822 1.15419
20140825 -0.0278936
20140826 -0.00340965
20140827 0.62909
20140828 -0.219488
20140829 -0.248843
20140901 0.407935
20140902 -1.09359
20140903 0.163963
20140904 -0.115152
20140905 -0.407664
20140909 -0.183769
20140910 -0.563297
20140911 -0.569833
20140912 -1.08915
20140915 0.120023
20140916 -0.926897
20140917 0.26311
20140918 0.273893
20140919 -0.301995
20140922 -0.931503
20140923 -0.540706
20140924 0.294213
20140925 -1.26189
20140926 0.360151
20140929 -0.639801
20140930 0.137805
20141001 0.350375
20141002 0.176578
20141003 1.06523
20141006 -0.253783
20141007 -0.274225
20141008 -0.387215
20141009 -0.608217
20141013 -0.639074
20141014 0.880822
20141015 -1.29861
20141016 0.360819
20141017 -2.02366
20141020 0.534515
20141021 -0.249883
20141022 0.0448252
20141023 -0.0493347
20141024 -1.07858
20141027 -0.504289
20141028 0.932184
20141029 0.927584
20141030 -0.0238478
20141031 0.734285
20141103 -0.0501647
20141104 -0.462634
20141105 -0.390766
20141106 -0.867124
20141107 0.35389
20141110 1.2575
20141111 -0.368351
20141112 -1.23121
20141113 0.365448
20141114 -0.105873
20141117 -1.32151
20141118 -0.639404
20141119 0.754034
20141120 1.04553
20141121 -0.140697
20141124 -0.241566
20141125 -0.0989483
20141126 -0.0294839
20141127 0.129124
20141128 0.261481
20141201 0.877365
20141202 -0.698701
20141203 1.12184
20141204 0.133083
20141205 -0.148366
20141208 -0.476103
20141209 -0.376816
20141210 -0.912418
20141211 0.102517
20141212 -0.157163
20141215 -0.0258158
20141216 -0.188565
20141217 -1.48722
20141218 -0.383162
20141219 0.196729
20141222 0.692838
20141223 -0.28574
20141224 0.986087
20141225 -0.306198
20141226 0.459666
20141227 -0.0430441
20141229 0.757892
20141230 -0.329816
20141231 0.505372
20150105 -0.195852
20150106 -1.75452
20150107 0.310977
20150108 0.917629
20150109 -0.3441
20150112 -0.214391
20150113 0.753378
20150114 -0.602756
20150115 -0.350433
20150116 -1.16247
20150119 -0.105623
20150120 0.684866
20150121 0.38691
20150122 0.350229
20150123 0.519427
20150126 0.0328285
20150127 0.168641
20150128 0.0812329
20150129 -0.553412
20150130 -0.962032
20150202 0.193836
20150203 0.577582
20150204 0.384071
20150205 0.0104114
20150206 -0.689992
20150209 -0.460851
20150210 -0.12641
20150211 0.339865
20150212 -0.000843248
20150213 0.310206
20150224 0.490279
20150225 0.453828
20150226 -0.674901
20150302 -0.659589
20150303 -0.231511
20150304 0.265627
20150305 -0.33188
20150306 0.606823
20150309 -0.562123
20150310 -0.310673
20150311 0.209395
20150312 0.616212
20150313 -0.302763
20150316 -0.736061
20150317 -0.163883
20150318 0.937807
20150319 0.710805
20150320 0.44652
20150323 -0.0183408
20150324 -0.289958
20150325 -0.733321
20150326 0.412231
20150327 -0.931408
20150330 -0.120731
20150331 0.188752
20150401 -0.704433
20150402 0.674706
20150407 0.22797
20150408 -0.768195
20150409 -0.303942
20150410 -0.0953548
20150413 0.456007
20150414 -0.0420944
20150415 -0.930877
20150416 0.815978
20150417 -0.392044
20150420 0.115487
20150421 -0.217894
20150422 0.663793
20150423 1.47267
20150424 0.747688
20150427 0.321294
20150428 -0.412579
20150429 -0.815216
20150430 -0.214412
20150504 -0.0859564
20150505 -0.294442
20150506 0.386596
20150507 -0.875501
20150508 -0.332056
20150511 -1.02644
20150512 0.446377
20150513 0.277817
20150514 -1.22812
20150515 -0.607789
20150518 0.0244655
20150519 0.964462
20150520 -0.418568
20150521 -0.714905
20150522 0.336127
20150525 -0.0943659
20150526 -0.195074
20150527 0.275687
20150528 -0.294926
20150529 -0.272622
20150601 -0.644494
20150602 -0.0584219
20150603 -0.63664
20150604 -1.97607
20150605 0.129828
20150608 0.474141
20150609 -1.65031
20150610 0.560633
20150611 -0.305434
20150612 -0.0303105
20150615 -0.48556
20150616 -0.646197
20150617 -0.465508
20150618 0.314814
20150622 1.01657
20150623 0.16382
20150624 0.0749716
20150625 0.643171
20150626 -0.204387
20150629 -1.31276
20150630 1.0815
20150701 0.681619
20150702 0.0723425
20150703 -0.120279
20150706 -0.57896
20150707 -0.30361
20150708 -2.70759
20150709 0.596411
20150713 0.974661
20150714 -0.218729
20150715 -0.103049
20150716 -0.22675
20150717 -0.164878
20150720 -1.21079
20150721 0.093363
20150722 -0.411918
20150723 -0.837419
20150724 -0.474367
20150727 -2.02171
20150728 0.187597
20150729 -0.282028
20150730 0.983512
20150731 -0.0643539
20150803 -1.29821
20150804 -0.323011
20150805 0.438911
20150806 -1.34263
20150807 0.395769
20150810 0.66832
20150811 -1.73247
20150812 -0.977514
20150813 0.32324
20150814 -0.114249
20150817 -1.13724
20150818 -0.726712
20150819 -1.96718
20150820 0.263837
20150821 -1.95204
20150824 -4.00654
20150825 3.34278
20150826 1.04071
20150827 0.797667
20150828 1.2041
20150831 1.8476
20150901 -1.23117
20150902 0.814139
20150903 0.304534
20150904 -1.07597
20150907 -0.052557
20150908 0.105089
20150909 2.34278
20150910 0.255104
20150911 0.417958
20150914 -0.303391
20150915 -0.723893
20150916 0.423712
20150917 0.81399
20150918 0.410798
20150921 -1.15962
20150922 0.413848
20150923 -1.41262
20150924 -1.22966
20150925 0.0105745
20150930 1.03852
20151001 1.24038
20151002 0.176114
20151005 0.112311
20151006 -0.180871
20151007 1.15139
20151008 -0.967349
20151012 1.12498
20151013 -0.0425872
20151014 -0.264828
20151015 0.328221
20151016 0.0991168
20151019 0.031406
20151020 0.0291239
20151021 -0.678923
20151022 0.0937116
20151023 0.0264087
20151026 0.442766
20151027 -0.259969
20151028 -0.152663
20151029 -1.28418
20151030 -0.279083
20151102 0.504452
20151103 0.809658
20151104 1.10822
20151105 -0.0965238
20151106 -1.85197
20151109 -0.691621
20151110 -0.901375
20151111 -1.50545
20151112 0.015784
20151113 -0.864192
20151116 0.208746
20151117 0.600782
20151118 -1.08844
20151119 1.13469
20151120 -0.0849816
20151123 0.0606164
20151124 -0.851022
20151125 -0.254654
20151126 0.876695
20151127 -1.11595
20151130 -0.230457
20151201 1.24449
20151202 -0.218967
20151203 0.374139
20151204 -0.297976
20151207 0.258522
20151208 -1.16321
20151209 -1.20338
20151210 0.0231352
20151211 -1.23446
20151214 -0.229688
20151215 -0.0139933
20151216 0.498898
20151217 1.27882
20151218 -0.182412
20151221 0.657751
20151222 0.117227
20151223 0.230458
20151224 -0.321389
20151225 0.412295
20151228 -0.187355
20151229 -0.663045
20151230 -0.40152
20151231 0.777034
20160104 -2.42347
20160105 -0.368786
20160106 -0.915893
20160107 -1.39617
20160108 1.05963
20160111 -0.857709
20160112 -0.505639
20160113 0.321169
20160114 -0.118806
20160115 -0.601745
20160118 1.72569
20160119 0.491651
20160120 -1.7364
20160121 -0.637353
20160122 0.351538
20160125 1.02921
20160126 -0.0437964
20160127 -0.175873
20160128 1.0208
20160129 2.53554
20160130 0.46847
20160201 -0.0891727
20160202 -0.126264
20160203 -0.667965
20160215 1.12654
20160216 1.49748
20160217 -0.321336
20160218 0.64066
20160219 0.400514
20160222 0.130951
20160223 0.0125973
20160224 -0.597646
20160225 0.742766
20160226 0.365489
20160301 1.24455
20160302 -0.00714308
20160303 0.498774
20160304 0.373688
20160307 0.0324553
20160308 0.0976127
20160309 -0.173304
20160310 0.313193
20160311 0.494611
20160314 0.0162342
20160315 -1.53667
20160316 0.712114
20160317 -0.330572
20160318 0.72779
20160321 -0.152501
20160322 -0.230977
20160323 -0.134315
20160324 -0.0233269
20160325 -0.607091
20160328 -0.267045
20160329 -0.802458
20160330 1.29984
20160331 -0.141479
20160401 -0.492278
20160406 -1.0675
20160407 -0.387176
20160408 0.90634
20160411 0.51215
20160412 -0.350771
20160413 1.04277
20160414 -0.198271
20160415 0.766243
20160418 -0.181875
20160419 -0.7818
20160420 -1.55634
20160421 0.228219
20160422 -0.28574
20160425 0.224099
20160426 0.29452
20160427 0.0196194
20160428 -1.31653
20160429 -0.547714
20160503 -0.815913
20160504 -1.17174
20160505 -0.172204
20160506 -0.282878
20160509 -0.304289
20160510 0.45051
20160511 -0.578765
20160512 -0.181342
20160513 -0.521747
20160516 0.403103
20160517 0.724952
20160518 0.543031
20160519 -0.78371
20160520 0.278462
20160523 2.381
20160524 -0.348516
20160525 0.519109
20160526 -0.0805811
20160527 0.570614
20160530 0.698981
20160531 0.0396132
20160601 0.952082
20160602 -0.493695
20160603 0.258963
20160604 0.104522
20160606 -0.0934329
20160607 0.669091
20160608 0.124305
20160613 -1.13525
20160614 0.735424
20160615 0.466244
20160616 -1.0375
20160617 0.349014
20160620 0.158613
20160621 0.598151
20160622 0.474113
20160623 -0.3377
20160624 -2.38977
20160627 0.625485
20160628 0.790993
20160629 0.658699
20160630 0.593353
20160701 0.526429
20160704 0.369599
20160705 -0.255651
20160706 -1.12734
20160707 0.412884
20160711 0.667252
20160712 0.531335
20160713 0.121057
20160714 0.323618
20160715 1.0466
20160718 0.621044
20160719 0.178187
20160720 -0.0647898
20160721 0.514303
20160722 -0.464158
20160725 -0.428448
20160726 0.459064
20160727 0.057398
20160728 0.178348
20160729 -0.904
20160801 0.798888
20160802 -0.135445
20160803 0.00988408
20160804 0.171156
20160805 0.735233
20160808 0.29803
20160809 0.011799
20160810 0.430955
20160811 -0.40213
20160812 0.164743
20160815 -0.0420721
20160816 -0.390653
20160817 -0.0381474
20160818 0.193524
20160819 -1.15344
20160822 -0.25398
20160823 0.488028
20160824 -0.284747
20160825 0.896566
20160826 0.381446
20160829 -0.0807275
20160830 -0.0305077
20160831 -0.584737
20160901 -0.602713
20160902 -0.31146
20160905 0.639366
20160906 0.868077
20160907 0.617675
20160908 0.22657
20160909 -0.569471
20160910 -0.34254
20160912 -0.935062
20160913 -0.479968
20160914 -0.121288
20160919 1.66015
20160920 0.222838
20160921 0.947067
20160922 -0.324011
20160923 0.480183
20160926 -0.377278
20160929 0.316937
20160930 -0.796399
20161003 0.159235
20161004 0.640498
20161005 0.125151
20161006 0.225718
20161007 -0.256743
20161011 -0.98767
20161012 0.554796
20161013 -0.529226
20161014 -0.35974
20161017 0.279212
20161018 0.517814
20161019 0.606956
20161020 0.309523
20161021 -0.171407
20161024 -0.122568
20161025 0.509318
20161026 0.070437
20161027 -0.68722
20161028 -0.00504681
20161031 0.0745424
20161101 0.00431814
20161102 -0.987954
20161103 -0.646709
20161104 0.0335356
20161107 0.954305
20161108 0.0269073
20161109 -3.34047
20161110 0.898945
20161111 -1.2119
20161114 -0.166038
20161115 0.0348385
20161116 0.0721319
20161117 0.118976
20161118 0.192293
20161121 0.347734
20161122 0.825842
20161123 0.344503
20161124 -0.138895
20161125 0.106245
20161128 0.598977
20161129 -0.309841
20161130 0.485207
20161201 0.194477
20161202 -0.272062
20161205 -0.367611
20161206 0.444849
20170103 0.219618
20170104 0.0801812
20170105 0.814216
20170106 0.00863872
20170109 -0.363255
20170110 0.0583166
20170111 -0.260718
20170112 0.577799
20170113 0.0547263
20170116 -0.686258
20170117 0.565153
20170118 -0.0296478
20170119 -0.071958
20170120 0.0499652
20170123 0.644936
20170124 0.26425
20170202 -0.771189
20170203 0.0582007
20170206 0.742948
20170207 0.284858
20170208 0.0259986
20170209 0.362724
20170210 0.550523
20170213 0.205675
20170214 -0.0818359
20170215 0.777755
20170216 -0.566198
20170217 -0.198385
20170218 0.089139
20170220 -0.434976
20170221 0.0272522
20170222 -0.0763288
20170223 -0.0488077
20170224 -0.0737901
20170301 -0.782883
20170302 -0.368023
20170303 -0.248647
20170306 0.369336
20170307 0.493388
20170308 0.0943163
20170309 -0.83613
20170310 -0.268292
20170313 0.422306
20170314 0.243605
20170315 -0.0100651
20170316 0.706127
20170317 0.640902
20170320 0.0722824
20170321 0.496923
20170322 0.107952
20170323 0.0883948
20170324 -0.112361
20170327 -0.311176
20170328 -0.338447
20170329 -0.311014
20170330 -0.214098
20170331 -0.354042
20170405 0.943952
20170406 -0.491224
20170407 -0.198225
20170410 0.0227726
20170411 -0.496991
20170412 -0.141177
20170413 0.283924
20170414 -0.746681
20170417 -0.250587
20170418 0.110929
20170419 -0.87862
20170420 -0.0750966
20170421 0.625039
20170424 -0.256186
20170425 1.06687
20170426 -0.0269817
20170427 0.011866
20170428 0.036684
20170502 0.14939
20170503 -0.0229979
20170504 0.0492754
20170505 -0.55249
20170508 0.0314081
20170509 -0.516999
20170510 0.333164
20170511 0.330749
20170512 0.0506001
20170515 0.586675
20170516 -0.0606704
20170517 -0.0593854
20170518 0.168905
20170519 -0.228479
