19990105 6152.43
19990112 6363.89
19990118 6377.25
19990125 6033.21
19990130 5998.32
19990205 5474.79
19990220 6072.33
19990226 6318.52
19990305 6383.09
19990311 6436.8
19990318 6895.01
19990324 6889.42
19990331 6881.72
19990407 7135.89
19990414 7398.65
19990420 7627.74
19990427 7550.13
19990504 7588.04
19990511 7474.45
19990517 7599.76
19990524 7588.23
19990529 7419.7
19990604 7590.44
19990610 7996.76
19990617 8274.36
19990625 8265.96
19990703 8563.55
19990709 8550.27
19990716 7411.58
19990722 7678.67
19990729 7359.37
19990804 7110.8
19990810 7269.6
19990817 8083.43
19990823 8119.98
19990830 8071.36
19990904 8065.11
19990910 8161.46
19990917 7916.92
19990929 7615.45
19991005 7557.01
19991012 7835.37
19991018 7745.26
19991025 7680.87
19991030 7854.85
19991105 7488.26
19991111 7532.22
19991119 7770.81
19991125 7904.53
19991202 7806.26
19991208 7811.02
19991215 7859.89
19991221 7934.26
19991228 8448.84
20000110 9102.6
20000115 9191.37
20000121 9255.94
20000128 9696.91
20000210 10057.7
20000217 10202.2
20000223 9642.26
20000302 9543.82
20000308 9389.49
20000315 8640.03
20000322 9069.39
20000329 9805.69
20000406 9969.28
20000412 9911.39
20000418 9307.03
20000425 8921.12
20000502 8638.75
20000508 8616.18
20000515 8465.02
20000520 8820.35
20000526 8559.46
20000602 8883.45
20000609 9036.66
20000616 8832.15
20000622 8771.77
20000629 8120.89
20000706 8289.39
20000713 8267.66
20000719 8411.88
20000726 7961.54
20000801 7984.65
20000807 7715.99
20000814 7848.87
20000819 8209.07
20000828 7845.87
20000902 7707.59
20000908 7367.99
20000916 7053.29
20000922 6612.09
20000929 6432.36
20001005 6029.65
20001012 5805.01
20001019 5081.28
20001025 6023.78
20001101 5425.02
20001107 5877.77
20001114 5772.51
20001120 4845.21
20001127 5433.78
20001202 5277.35
20001208 5252.83
20001215 5224.74
20001221 4817.22
20001229 4743.94
20010105 5295.53
20010112 5339.4
20010129 5680.06
20010205 5932.42
20010212 5847.07
20010219 5937.3
20010226 5716.02
20010306 5635.06
20010313 5610.4
20010320 5642.7
20010327 5884.33
20010403 5446.82
20010411 5467.75
20010418 5508.61
20010425 5516.2
20010503 5405.54
20010510 5122.17
20010517 5143.44
20010524 5226.79
20010531 5048.86
20010607 5153.35
20010614 5119.19
20010621 4984.88
20010629 4883.43
20010706 4707.01
20010713 4485.68
20010720 4220.33
20010727 4320.59
20010806 4470.73
20010813 4520.76
20010820 4550.36
20010827 4384.55
20010903 4454.77
20010910 4289.1
20010920 3698.84
20010927 3567.63
20011005 3585.46
20011015 3712.82
20011022 3900.62
20011029 4065.1
20011105 4080.51
20011112 4172.63
20011119 4548.63
20011126 4608.32
20011203 4646.61
20011210 5321.28
20011217 5456.15
20011224 5164.73
20011231 5551.24
20020108 5810.08
20020115 5592.74
20020122 5804.1
20020129 5846.19
20020205 5844.25
20020221 5656.1
20020301 5680.78
20020308 6011.65
20020315 5951.45
20020322 6140.42
20020329 6167.47
20020408 6190.83
20020415 6196
20020422 6462.3
20020429 6205.09
20020507 5663.98
20020514 5755.92
20020521 5443.18
20020528 5669.53
20020604 5527.8
20020611 5405.42
20020618 5536.42
20020625 5316.04
20020702 4995.08
20020709 5388.52
20020716 5318.01
20020723 5159.23
20020730 5005.04
20020806 4572.35
20020813 4817.93
20020820 4919.26
20020827 4878.85
20020903 4588.06
20020911 4660.53
20020918 4482.65
20020925 4185.95
20021002 4171.76
20021009 3947.61
20021017 4280.81
20021024 4574.8
20021031 4579.14
20021107 4757.98
20021114 4665.56
20021121 4579.45
20021128 4612.6
20021205 4755.4
20021212 4669.7
20021219 4549.23
20021226 4567.37
20030103 4626.32
20030110 4850.8
20030117 4907.78
20030124 5057.32
20030210 4643.87
20030217 4705.08
20030224 4609.2
20030304 4499.69
20030311 4260.45
20030318 4539.72
20030325 4498.83
20030401 4337.61
20030408 4552.45
20030415 4487.59
20030422 4556.1
20030429 4200.32
20030507 4275.91
20030514 4341.1
20030521 4216.64
20030528 4474.41
20030605 4738.34
20030612 4878.43
20030619 5048.91
20030626 4894.01
20030703 5095.31
20030710 5282.38
20030717 5299.51
20030724 5402.75
20030731 5318.34
20030807 5259.07
20030814 5436.75
20030821 5611.86
20030828 5523.12
20030904 5625.63
20030912 5645.28
20030919 5757.91
20030926 5650.11
20031003 5747.79
20031013 5972.47
20031020 6077.89
20031027 5958.55
20031103 6087.45
20031110 6059.03
20031117 5952.32
20031124 5821.58
20031201 5870.17
20031208 5847.15
20031215 5924.24
20031222 5835.11
20031229 5804.89
20040106 6144.01
20040113 6210.22
20040128 6386.25
20040204 6241.39
20040211 6454.39
20040218 6605.85
20040225 6644.28
20040303 6932.17
20040310 6874.91
20040317 6577.98
20040324 6213.56
20040331 6522.19
20040407 6646.74
20040414 6880.18
20040421 6810.25
20040428 6574.75
20040505 5854.23
20040512 5958.79
20040519 5860.58
20040526 6027.27
20040602 5875.67
20040609 5965.7
20040616 5560.16
20040624 5779.09
20040701 5836.91
20040708 5713.39
20040715 5542.8
20040722 5387.96
20040729 5349.66
20040805 5427.61
20040812 5368.02
20040819 5602.99
20040830 5788.94
20040906 5775.99
20040913 5928.22
20040920 5864.54
20040927 5849.22
20041005 6081.01
20041012 5979.56
20041019 5807.79
20041027 5650.97
20041103 5862.85
20041110 5948.49
20041117 6028.68
20041124 5911.31
20041201 5798.62
20041208 5892.51
20041215 6002.58
20041222 6001.52
20041229 6088.49
20050105 5988.37
20050112 5879.08
20050119 5895.35
20050126 5835.37
20050202 6018.69
20050217 6072.16
20050224 6128.34
20050304 6193.62
20050311 6204.23
20050318 6043.95
20050325 6065.91
20050401 6028.75
20050411 5979.42
20050418 5715.16
20050425 5758.31
20050503 5818.22
20050510 5949.8
20050517 5894.01
20050524 5909.1
20050531 6011.56
20050607 6105.79
20050614 6205.76
20050621 6278.46
20050628 6316.84
20050705 6232.04
20050712 6358.81
20050720 6423.81
20050727 6327.25
20050803 6455.57
20050811 6353.71
20050818 6205.09
20050825 6109.66
20050902 6116.05
20050909 6119.06
20050916 6031.24
20050923 5925.54
20050930 6118.61
20051007 6081.84
20051017 5826.27
20051024 5717.28
20051031 5764.3
20051107 5860.39
20051114 6083.62
20051121 6103.42
20051128 6203.84
20051205 6348.31
20051212 6266.29
20051219 6431.42
20051226 6534.77
20060102 6462.06
20060109 6742.39
20060116 6724.18
20060123 6381.97
20060207 6720.08
20060214 6612.97
20060221 6631.51
20060301 6613.39
20060308 6459.57
20060315 6518.7
20060322 6391.26
20060329 6498.03
20060406 6760.82
20060413 6855.74
20060420 7102.74
20060427 7136.21
20060505 7370.44
20060512 7278.96
20060519 7074.15
20060526 6879.51
20060605 6715.27
20060612 6442.9
20060619 6583.04
20060626 6523.68
20060703 6718.5
20060710 6682.46
20060717 6257.8
20060724 6359.63
20060731 6454.58
20060807 6416.61
20060814 6611.9
20060821 6505.92
20060828 6444.76
20060904 6750.78
20060911 6693.88
20060918 6882.48
20060925 6911.21
20061002 6960.95
20061012 6984.58
20061018 7017.6
20061025 7059.89
20061101 7013.99
20061108 7178.34
20061115 7236.85
20061122 7348.77
20061129 7474.19
20061206 7693.33
20061213 7450.3
20061220 7648.35
20061227 7733.18
20070104 7934.51
20070111 7618.55
20070118 7895.18
20070125 7923.77
20070201 7701.54
20070208 7842.22
20070226 7900.2
20070305 7344.56
20070312 7629.15
20070319 7737.46
20070326 7877.82
20070402 7884.99
20070411 8084.45
20070417 7959.29
20070424 8045.01
20070502 7903.04
20070509 8052.7
20070516 7988.57
20070523 8221.79
20070530 8147.34
20070606 8314.68
20070613 8346.39
20070622 8846.39
20070628 8892.83
20070705 9148.78
20070712 9354.41
20070719 9473.31
20070726 9566.42
20070802 8950.57
20070809 9182.6
20070816 8201.37
20070823 8732.84
20070830 8771.21
20070906 9017.08
20070913 8927.42
20070921 9105.28
20071001 9488.5
20071008 9717.17
20071016 9592.47
20071023 9502.39
20071030 9757.93
20071106 9292.8
20071113 8727.21
20071120 8680.86
20071127 8375.76
20071204 8651.28
20071211 8638.33
20071218 7807.39
20071225 8167.07
20080102 8323.05
20080109 8085.06
20080116 8179.54
20080123 7408.4
20080130 7543.5
20080214 7865.28
20080221 8085.93
20080229 8412.76
20080307 8531.38
20080314 8161.39
20080321 8524.99
20080328 8623.48
20080407 8729.79
20080414 8892.68
20080421 9083.32
20080428 9079.6
20080506 8857.37
20080513 8989.53
20080520 9068.89
20080527 8778.39
20080603 8579.43
20080610 8370
20080617 8201.79
20080624 7738.12
20080701 7407.98
20080708 7051.85
20080715 6834.24
20080722 7065.65
20080730 7070.35
20080806 7026.24
20080813 7292.34
20080820 7040.9
20080827 7080.97
20080903 6584.93
20080910 6458.01
20080917 5800.87
20080924 6132.6
20081002 5703.72
20081009 5130.71
20081017 4960.4
20081024 4579.62
20081031 4870.66
20081107 4742.33
20081114 4452.7
20081121 4171.1
20081128 4460.49
20081205 4225.07
20081212 4481.27
20081219 4694.52
20081226 4425.08
20090106 4727.26
20090112 4453.9
20090117 4366.1
20090203 4372.81
20090210 4526.1
20090217 4491.78
20090224 4430.18
20090303 4435.34
20090310 4671.02
20090317 5041.39
20090324 5242.18
20090331 5210.84
20090407 5576.85
20090414 5892.68
20090421 5881.41
20090428 5596.73
20090506 6566.7
20090513 6485.14
20090520 6703.62
20090527 6890.44
20090605 6767.1
20090611 6567.37
20090618 6144.53
20090625 6457.61
20090702 6667.53
20090709 6748.18
20090716 6780.3
20090723 6980.88
20090730 7027.11
20090806 6868.65
20090814 7069.51
20090821 6654.8
20090828 6809.86
20090904 7153.13
20090911 7337.14
20090918 7526.55
20090925 7345.22
20091002 7411.88
20091009 7571.96
20091016 7715.1
20091023 7649.28
20091030 7340.08
20091106 7463.05
20091113 7665.63
20091120 7682.97
20091127 7490.91
20091204 7650.91
20091211 7795.07
20091218 7753.63
20091225 7972.59
20100104 8207.85
20100111 8323.82
20100118 8337.82
20100125 7872.99
20100201 7524.67
20100206 7212.87
20100223 7597.44
20100302 7597.62
20100309 7770.59
20100316 7695.63
20100323 7811.87
20100330 7962.22
20100407 8121.78
20100414 8097.13
20100421 7990.53
20100428 8081.55
20100505 7696.9
20100512 7602.7
20100519 7559.16
20100526 7167.35
20100602 7195.71
20100609 7071.67
20100617 7515.78
20100624 7589.89
20100701 7254.06
20100708 7608.85
20100715 7704.52
20100722 7666.34
20100729 7798.99
20100805 7936.85
20100812 7829.79
20100819 7928.94
20100826 7689.74
20100902 7720.82
20100909 7835.54
20100916 8099.75
20100924 8166.62
20101001 8244.18
20101008 8244.19
20101015 8205.3
20101022 8168.06
20101029 8287.09
20101105 8449.34
20101112 8316.05
20101119 8306.12
20101126 8312.15
20101203 8624.01
20101210 8718.83
20101217 8817.9
20101224 8861.1
20101231 8972.5
20110107 8782.72
20110114 8972.51
20110121 8954.38
20110128 9145.35
20110214 8685.47
20110221 8839.22
20110301 8727.56
20110308 8747.75
20110315 8234.78
20110322 8508.04
20110329 8596.57
20110407 8901.72
20110414 8802.73
20110421 8957.65
20110428 9040.77
20110506 8977.23
20110513 9006.61
20110520 8837.03
20110527 8810
20110603 9046.28
20110613 8712.95
20110620 8530.68
20110627 8500.16
20110704 8774.72
20110711 8665.85
20110718 8538.57
20110725 8683.51
20110801 8701.38
20110808 7552.8
20110815 7819.39
20110822 7312.59
20110829 7578.01
20110905 7551.57
20110913 7391.37
20110920 7492.85
20110927 7089.95
20111004 7047.87
20111012 7382.35
20111019 7353.37
20111026 7535.82
20111102 7598.45
20111109 7561.86
20111116 7387.52
20111123 6806.43
20111130 6904.12
20111207 7033
20111214 6922.57
20111221 6966.48
20111228 7056.67
20120104 7082.97
20120111 7188.21
20120118 7233.69
20120203 7674.99
20120209 7910.78
20120216 7869.7
20120223 7937.3
20120303 8114.44
20120309 8016.01
20120316 8054.94
20120323 8076.61
20120330 7933
20120409 7600.87
20120416 7729.86
20120423 7481.09
20120430 7501.72
20120508 7545.71
20120515 7395.64
20120522 7274.89
20120529 7342.29
20120605 7000.45
20120612 7072.08
20120619 7273.13
20120626 7137.93
20120703 7418.36
20120710 7251.35
20120717 7127
20120724 7008.35
20120731 7270.49
20120808 7319.8
20120815 7467.74
20120822 7496.58
20120829 7391.15
20120905 7367.44
20120912 7570.45
20120919 7781.91
20120926 7669.63
20121003 7684.63
20121011 7451.72
20121018 7465.41
20121025 7262.08
20121101 7179.64
20121108 7242.63
20121115 7143.84
20121122 7105.76
20121129 7503.55
20121206 7623.26
20121213 7757.09
20121220 7595.46
20121226 7634.19
20130104 7805.99
20130111 7819.15
20130118 7732.87
20130125 7672.58
20130201 7855.97
20130219 7960.88
20130225 7947.68
20130305 7932.71
20130312 7994.71
20130319 7838.47
20130326 7856.36
20130402 7913.18
20130411 7857.98
20130418 7791.35
20130425 8021.75
20130503 8135.03
20130510 8280.26
20130517 8368.19
20130524 8209.78
20130531 8254.8
20130607 8095.2
20130617 7992.89
20130624 7758.03
20130701 8036
20130708 7886.34
20130715 8254.68
20130722 8105.45
20130729 8084.5
20130805 8138.63
20130812 7903.38
20130819 7900.21
20130827 7820.84
20130903 8088.37
20130910 8208.77
20130916 8255.34
20130925 8283.9
20131002 8216.52
20131009 8344.73
20131017 8374.68
20131024 8413.72
20131031 8450.06
20131107 8283.71
20131114 8134.91
20131121 8099.45
20131128 8362.43
20131205 8375.54
20131212 8361.33
20131219 8407.4
20131226 8485.89
20140103 8546.54
20140110 8529.35
20140117 8596
20140124 8598.31
20140210 8391.95
20140217 8519.55
20140224 8560.61
20140304 8554.54
20140311 8702.33
20140318 8731.94
20140325 8689.3
20140401 8873.15
20140409 8930.57
20140416 8923.82
20140423 8956.92
20140430 8791.44
20140508 8930.9
20140515 8880.65
20140522 8969.63
20140529 9109
20140606 9134.46
20140613 9196.39
20140620 9273.79
20140627 9306.83
20140704 9510.05
20140711 9495.84
20140718 9400.97
20140728 9420.18
20140804 9330.19
20140811 9172.91
20140818 9141.31
20140825 9390.62
20140901 9513.06
20140909 9434.77
20140916 9133.4
20140923 9084.9
20140930 8966.92
20141007 9040.81
20141015 8655.51
20141022 8748.83
20141029 8903.68
20141105 8962.6
20141112 8918.95
20141119 8963.24
20141126 9122.39
20141203 9175.26
20141210 9032.16
20141217 8828.36
20141224 9186.18
20141230 9268.43
20150108 9238.03
20150115 9165.09
20150122 9369.51
20150129 9426.9
20150205 9512.05
20150212 9496.31
20150302 9601.36
20150309 9562.98
20150316 9512.91
20150323 9758.09
20150330 9521.87
20150408 9571.97
20150415 9540.06
20150422 9613
20150429 9853.83
20150507 9704.11
20150514 9610.83
20150521 9578.56
20150528 9712.84
20150604 9348.63
20150611 9302.49
20150618 9218.37
20150626 9462.57
20150703 9358.23
20150713 9033.92
20150720 8975
20150727 8556.68
20150803 8524.41
20150810 8466.84
20150817 8213.42
20150824 7410.34
20150831 8174.92
20150907 7986.56
20150914 8307.29
20150921 8307.04
20150930 8181.24
20151007 8495.23
20151015 8601.52
20151022 8608.46
20151029 8571.08
20151105 8850.18
20151112 8428.09
20151119 8477.2
20151126 8484.9
20151203 8456.06
20151210 8216.17
20151217 8319.67
20151224 8324.36
20151231 8338.06
20160108 7893.97
20160115 7762.01
20160122 7756.18
20160129 8080.6
20160215 8066.51
20160222 8326.68
20160301 8485.69
20160308 8664.31
20160315 8611.18
20160322 8785.68
20160329 8617.35
20160407 8490.25
20160414 8667.71
20160421 8568.65
20160428 8473.87
20160506 8146.43
20160513 8053.69
20160520 8131.26
20160527 8463.61
20160603 8587.36
20160613 8536.22
20160620 8625.92
20160627 8458.87
20160704 8760.58
20160712 8841.46
20160719 9034.87
20160726 9024.79
20160802 9068.76
20160809 9155.08
20160816 9110.36
20160823 9030.93
20160830 9110.56
20160906 9181.85
20160912 8947.06
20160921 9228.5
20160930 9166.85
20161007 9265.81
20161017 9176.22
20161024 9322.5
20161031 9290.12
20161107 9189.84
20161114 8940.4
20161121 9041.11
20161128 9222.24
20161205 9160.66
20170103 9272.88
20170104 9286.96
20170105 9358.14
20170106 9372.22
20170110 9349.64
20170109 9342.42
20170111 9345.74
20170112 9410.18
20170113 9378.83
20170117 9354.53
20170116 9292.33
20170118 9341.97
20170119 9318.12
20170120 9331.46
20170124 9447.95
20170123 9424.05
20170202 9428.97
20170203 9455.56
20170206 9538.01
20170207 9554.56
20170209 9590.18
20170208 9543.25
20170210 9665.59
20170213 9710.32
20170214 9718.78
20170216 9771.25
20170215 9799.76
20170217 9759.76
20170218 9779.92
20170220 9753.2
20170222 9778.78
20170221 9763.93
20170223 9769.31
20170224 9750.47
20170301 9674.78
20170302 9691.8
20170303 9648.21
20170306 9682.63
20170308 9753.45
20170307 9738.07
20170309 9658.61
20170310 9627.89
20170313 9697.34
20170315 9740.31
20170314 9744.21
20170316 9837.83
20170317 9908.69
20170320 9912.97
20170322 9922.66
20170321 9972.49
20170323 9930.74
20170324 9902.98
20170327 9876.77
20170329 9856.25
20170328 9876.45
20170330 9848.15
20170331 9811.52
20170405 9949.48
20170406 9897.8
20170407 9873.37
20170410 9882.54
20170412 9817.68
20170411 9832.42
20170413 9836.68
20170414 9732.93
20170417 9716.4
20170420 9632.69
20170418 9746.56
20170419 9639.94
20170421 9717.41
20170424 9717.95
20170426 9856.45
20170425 9841.71
20170427 9860.62
20170428 9872
20170502 9941.27
20170503 9955.33
20170504 9967.64
20170505 9899.94
20170508 9937.25
20170509 9915.48
20170510 9968.32
20170511 10001.5
20170512 9986.82
20170515 10036.8
20170516 10031.5
20170517 10013.7
20170518 9969.45
20170519 9947.62
