19990112 3.43702
19990118 0.209932
19990125 -5.3948
19990130 -0.578301
19990205 -8.72794
19990220 10.9144
19990226 4.05429
19990305 1.02191
19990311 0.841441
19990318 7.1186
19990324 -0.0810709
19990331 -0.111761
19990407 3.69341
19990414 3.68223
19990420 3.09638
19990427 -1.01748
19990504 0.502113
19990511 -1.49696
19990517 1.67651
19990524 -0.151712
19990529 -2.22094
19990604 2.30117
19990610 5.35305
19990617 3.47141
19990625 -0.101523
19990703 3.60018
19990709 -0.155079
19990716 -13.3176
19990722 3.60368
19990729 -4.15827
19990804 -3.3776
19990810 2.23323
19990817 11.195
19990823 0.452157
19990830 -0.598771
19990904 -0.0774343
19990910 1.19465
19990917 -2.99628
19990929 -3.80792
19991005 -0.767393
19991012 3.68347
19991018 -1.15005
19991025 -0.831343
19991030 2.26511
19991105 -4.66706
19991111 0.587058
19991119 3.16759
19991125 1.7208
19991202 -1.24321
19991208 0.06098
19991215 0.625656
19991221 0.946192
19991228 6.48555
20000110 7.73786
20000115 0.975221
20000121 0.70251
20000128 4.76418
20000210 3.72036
20000217 1.43702
20000223 -5.48843
20000302 -1.02092
20000308 -1.61707
20000315 -7.9819
20000322 4.96942
20000329 8.11853
20000406 1.66832
20000412 -0.58069
20000418 -6.09763
20000425 -4.14644
20000502 -3.16519
20000508 -0.261268
20000515 -1.75438
20000520 4.19763
20000526 -2.95782
20000602 3.78517
20000609 1.72467
20000616 -2.26311
20000622 -0.683648
20000629 -7.42016
20000706 2.07489
20000713 -0.262136
20000719 1.74438
20000726 -5.35362
20000801 0.290269
20000807 -3.3647
20000814 1.72214
20000819 4.5892
20000828 -4.42438
20000902 -1.76246
20000908 -4.40604
20000916 -4.27118
20000922 -6.25524
20000929 -2.7182
20001005 -6.26069
20001012 -3.72559
20001019 -12.4673
20001025 18.5485
20001101 -9.93993
20001107 8.34559
20001114 -1.79082
20001120 -16.0641
20001127 12.1475
20001202 -2.87884
20001208 -0.464627
20001215 -0.534756
20001221 -7.79981
20001229 -1.52121
20010105 11.6273
20010112 0.828437
20010129 6.38012
20010205 4.44291
20010212 -1.43871
20010219 1.54317
20010226 -3.72694
20010306 -1.41637
20010313 -0.43762
20010320 0.575722
20010327 4.28217
20010403 -7.43518
20010411 0.384264
20010418 0.747288
20010425 0.13779
20010503 -2.00609
20010510 -5.24222
20010517 0.415254
20010524 1.62051
20010531 -3.4042
20010607 2.06958
20010614 -0.662873
20010621 -2.62366
20010629 -2.03515
20010706 -3.61263
20010713 -4.70213
20010720 -5.91549
20010727 2.37564
20010806 3.47499
20010813 1.11905
20010820 0.654759
20010827 -3.64389
20010903 1.60154
20010910 -3.71893
20010920 -13.7619
20010927 -3.54733
20011005 0.499774
20011015 3.55213
20011022 5.05815
20011029 4.21676
20011105 0.379078
20011112 2.25756
20011119 9.0111
20011126 1.31226
20011203 0.830889
20011210 14.5196
20011217 2.53454
20011224 -5.34113
20011231 7.48365
20020108 4.66274
20020115 -3.74074
20020122 3.77918
20020129 0.725174
20020205 -0.033183
20020221 -3.2194
20020301 0.436338
20020308 5.82438
20020315 -1.00138
20020322 3.17519
20020329 0.440528
20020408 0.378759
20020415 0.0835093
20020422 4.29793
20020429 -3.98016
20020507 -8.72042
20020514 1.62324
20020521 -5.43336
20020528 4.15841
20020604 -2.49985
20020611 -2.2139
20020618 2.42349
20020625 -3.98055
20020702 -6.03758
20020709 7.87655
20020716 -1.30853
20020723 -2.9857
20020730 -2.98862
20020806 -8.64508
20020813 5.37098
20020820 2.10318
20020827 -0.821458
20020903 -5.96022
20020911 1.57953
20020918 -3.81673
20020925 -6.61885
20021002 -0.339001
20021009 -5.37302
20021017 8.44055
20021024 6.86762
20021031 0.0948748
20021107 3.90553
20021114 -1.94242
20021121 -1.84565
20021128 0.723884
20021205 3.09586
20021212 -1.80216
20021219 -2.57983
20021226 0.398752
20030103 1.29067
20030110 4.85224
20030117 1.17465
20030124 3.047
20030210 -8.17527
20030217 1.31808
20030224 -2.03779
20030304 -2.37591
20030311 -5.31681
20030318 6.55494
20030325 -0.900719
20030401 -3.5836
20030408 4.95297
20030415 -1.42474
20030422 1.52666
20030429 -7.80888
20030507 1.79963
20030514 1.52459
20030521 -2.86701
20030528 6.11316
20030605 5.89865
20030612 2.95653
20030619 3.49457
20030626 -3.068
20030703 4.1132
20030710 3.67141
20030717 0.324283
20030724 1.94811
20030731 -1.56236
20030807 -1.11445
20030814 3.37855
20030821 3.22086
20030828 -1.58129
20030904 1.85601
20030912 0.349292
20030919 1.99512
20030926 -1.87221
20031003 1.72882
20031013 3.90898
20031020 1.7651
20031027 -1.96352
20031103 2.16328
20031110 -0.466869
20031117 -1.76117
20031124 -2.19645
20031201 0.83465
20031208 -0.392153
20031215 1.31843
20031222 -1.5045
20031229 -0.517895
20040106 5.84196
20040113 1.07764
20040128 2.83452
20040204 -2.26831
20040211 3.4127
20040218 2.34662
20040225 0.581752
20040303 4.3329
20040310 -0.826001
20040317 -4.31904
20040324 -5.54
20040331 4.96704
20040407 1.90964
20040414 3.5121
20040421 -1.0164
20040428 -3.45802
20040505 -10.9589
20040512 1.78606
20040519 -1.64815
20040526 2.84426
20040602 -2.51524
20040609 1.53226
20040616 -6.79786
20040624 3.93747
20040701 1.00051
20040708 -2.11619
20040715 -2.9858
20040722 -2.79353
20040729 -0.710841
20040805 1.4571
20040812 -1.0979
20040819 4.37722
20040830 3.31876
20040906 -0.223697
20040913 2.63557
20040920 -1.07419
20040927 -0.261228
20041005 3.96274
20041012 -1.6683
20041019 -2.87262
20041027 -2.70016
20041103 3.74944
20041110 1.46073
20041117 1.34807
20041124 -1.94686
20041201 -1.90634
20041208 1.61917
20041215 1.86797
20041222 -0.01766
20041229 1.44914
20050105 -1.64442
20050112 -1.82504
20050119 0.276744
20050126 -1.01741
20050202 3.14153
20050217 0.888403
20050224 0.925201
20050304 1.06522
20050311 0.171303
20050318 -2.5834
20050325 0.363338
20050401 -0.612606
20050411 -0.818247
20050418 -4.41949
20050425 0.755008
20050503 1.04041
20050510 2.26151
20050517 -0.937679
20050524 0.256028
20050531 1.73394
20050607 1.56748
20050614 1.63729
20050621 1.1715
20050628 0.611295
20050705 -1.34244
20050712 2.03417
20050720 1.0222
20050727 -1.50316
20050803 2.02805
20050811 -1.57786
20050818 -2.33911
20050825 -1.53793
20050902 0.104583
20050909 0.0492189
20050916 -1.43518
20050923 -1.75254
20050930 3.25827
20051007 -0.600954
20051017 -4.20218
20051024 -1.87067
20051031 0.822419
20051107 1.66699
20051114 3.80913
20051121 0.325461
20051128 1.64531
20051205 2.32872
20051212 -1.292
20051219 2.63521
20051226 1.60696
20060102 -1.11266
20060109 4.33809
20060116 -0.270082
20060123 -5.08924
20060207 5.29789
20060214 -1.59388
20060221 0.280351
20060301 -0.273235
20060308 -2.32589
20060315 0.915392
20060322 -1.955
20060329 1.67056
20060406 4.04415
20060413 1.40398
20060420 3.60282
20060427 0.471223
20060505 3.28227
20060512 -1.24117
20060519 -2.81373
20060526 -2.75143
20060605 -2.38738
20060612 -4.05598
20060619 2.17511
20060626 -0.901709
20060703 2.98635
20060710 -0.53643
20060717 -6.35485
20060724 1.62725
20060731 1.49301
20060807 -0.588268
20060814 3.04351
20060821 -1.60287
20060828 -0.940069
20060904 4.74835
20060911 -0.842864
20060918 2.8175
20060925 0.417436
20061002 0.719704
20061012 0.339463
20061018 0.472756
20061025 0.602628
20061101 -0.65015
20061108 2.34317
20061115 0.815095
20061122 1.54653
20061129 1.70668
20061206 2.93196
20061213 -3.15897
20061220 2.65829
20061227 1.10913
20070104 2.60345
20070111 -3.9821
20070118 3.63101
20070125 0.362118
20070201 -2.8046
20070208 1.82665
20070226 0.739331
20070305 -7.03324
20070312 3.87484
20070319 1.41969
20070326 1.81403
20070402 0.0910202
20070411 2.52962
20070417 -1.54816
20070424 1.07698
20070502 -1.76469
20070509 1.8937
20070516 -0.796383
20070523 2.91942
20070530 -0.905523
20070606 2.05392
20070613 0.381373
20070622 5.99061
20070628 0.524965
20070705 2.87816
20070712 2.24762
20070719 1.27105
20070726 0.98287
20070802 -6.43762
20070809 2.59234
20070816 -10.6857
20070823 6.48026
20070830 0.439377
20070906 2.80315
20070913 -0.994337
20070921 1.99229
20071001 4.20876
20071008 2.40997
20071016 -1.2833
20071023 -0.939071
20071030 2.68922
20071106 -4.76669
20071113 -6.08632
20071120 -0.531093
20071127 -3.51464
20071204 3.2895
20071211 -0.149691
20071218 -9.61922
20071225 4.60691
20080102 1.90986
20080109 -2.85941
20080116 1.16857
20080123 -9.42767
20080130 1.82361
20080214 4.26566
20080221 2.80537
20080229 4.04195
20080307 1.41
20080314 -4.33681
20080321 4.45512
20080328 1.15531
20080407 1.23279
20080414 1.86591
20080421 2.14379
20080428 -0.0409619
20080506 -2.44757
20080513 1.49209
20080520 0.882798
20080527 -3.20326
20080603 -2.26647
20080610 -2.44107
20080617 -2.00968
20080624 -5.65328
20080701 -4.26641
20080708 -4.80738
20080715 -3.08585
20080722 3.38603
20080730 0.0665218
20080806 -0.623871
20080813 3.78723
20080820 -3.448
20080827 0.569108
20080903 -7.00526
20080910 -1.92744
20080917 -10.1756
20080924 5.71862
20081002 -6.99344
20081009 -10.0463
20081017 -3.31942
20081024 -7.67639
20081031 6.35511
20081107 -2.63476
20081114 -6.10733
20081121 -6.32425
20081128 6.93798
20081205 -5.2779
20081212 6.06381
20081219 4.7587
20081226 -5.73946
20090106 6.8288
20090112 -5.78263
20090117 -1.9713
20090203 0.153683
20090210 3.50553
20090217 -0.758276
20090224 -1.37139
20090303 0.116466
20090310 5.31369
20090317 7.92911
20090324 3.98283
20090331 -0.597849
20090407 7.02402
20090414 5.66323
20090421 -0.191255
20090428 -4.84034
20090506 17.331
20090513 -1.24203
20090520 3.36893
20090527 2.78685
20090605 -1.79001
20090611 -2.95149
20090618 -6.4385
20090625 5.09527
20090702 3.25074
20090709 1.2096
20090716 0.475975
20090723 2.95828
20090730 0.662237
20090806 -2.25498
20090814 2.9243
20090821 -5.86618
20090828 2.33005
20090904 5.04078
20090911 2.57244
20090918 2.58152
20090925 -2.4092
20091002 0.907524
20091009 2.15978
20091016 1.8904
20091023 -0.853136
20091030 -4.04221
20091106 1.67532
20091113 2.71444
20091120 0.226209
20091127 -2.49982
20091204 2.13592
20091211 1.88422
20091218 -0.531617
20091225 2.82397
20100104 2.95086
20100111 1.41292
20100118 0.168192
20100125 -5.57496
20100201 -4.42424
20100206 -4.1437
20100223 5.33172
20100302 0.00237153
20100309 2.27663
20100316 -0.964662
20100323 1.51047
20100330 1.92464
20100407 2.00396
20100414 -0.303504
20100421 -1.31652
20100428 1.1391
20100505 -4.75961
20100512 -1.22387
20100519 -0.572692
20100526 -5.18325
20100602 0.395681
20100609 -1.72381
20100617 6.28013
20100624 0.986063
20100701 -4.4247
20100708 4.89092
20100715 1.25735
20100722 -0.495556
20100729 1.7303
20100805 1.76766
20100812 -1.3489
20100819 1.26632
20100826 -3.01679
20100902 0.40417
20100909 1.48586
20100916 3.37194
20100924 0.825582
20101001 0.949714
20101008 0.0001303
20101015 -0.471734
20101022 -0.45385
20101029 1.45726
20101105 1.95786
20101112 -1.57752
20101119 -0.119404
20101126 0.0726004
20101203 3.75185
20101210 1.09949
20101217 1.13628
20101224 0.489904
20101231 1.25718
20110107 -2.11513
20110114 2.16095
20110121 -0.20206
20110128 2.1327
20110214 -5.02857
20110221 1.7702
20110301 -1.26324
20110308 0.231341
20110315 -5.86402
20110322 3.31836
20110329 1.04055
20110407 3.54966
20110414 -1.11202
20110421 1.75991
20110428 0.927912
20110506 -0.702806
20110513 0.327271
20110520 -1.88284
20110527 -0.305875
20110603 2.68196
20110613 -3.68472
20110620 -2.09195
20110627 -0.357762
20110704 3.23005
20110711 -1.24072
20110718 -1.46875
20110725 1.69747
20110801 0.205794
20110808 -13.2
20110815 3.52969
20110822 -6.48133
20110829 3.62963
20110905 -0.348904
20110913 -2.12141
20110920 1.37295
20110927 -5.37712
20111004 -0.593517
20111012 4.74583
20111019 -0.392558
20111026 2.48117
20111102 0.831102
20111109 -0.48155
20111116 -2.30552
20111123 -7.86583
20111130 1.43526
20111207 1.86671
20111214 -1.57017
20111221 0.634304
20111228 1.29463
20120104 0.372701
20120111 1.48581
20120118 0.632702
20120203 6.10062
20120209 3.07218
20120216 -0.519286
20120223 0.858986
20120303 2.23174
20120309 -1.21302
20120316 0.485655
20120323 0.269026
20120330 -1.7781
20120409 -4.18669
20120416 1.69704
20120423 -3.2183
20120430 0.275767
20120508 0.586395
20120515 -1.98881
20120522 -1.63272
20120529 0.926473
20120605 -4.65577
20120612 1.02322
20120619 2.84287
20120626 -1.85889
20120703 3.92873
20120710 -2.2513
20120717 -1.71485
20120724 -1.66479
20120731 3.7404
20120808 0.678215
20120815 2.0211
20120822 0.386192
20120829 -1.40638
20120905 -0.320789
20120912 2.75551
20120919 2.79323
20120926 -1.44284
20121003 0.195577
20121011 -3.03085
20121018 0.183715
20121025 -2.72363
20121101 -1.13521
20121108 0.877338
20121115 -1.36401
20121122 -0.533048
20121129 5.59814
20121206 1.59538
20121213 1.75555
20121220 -2.08364
20121226 0.50991
20130104 2.25041
20130111 0.168584
20130118 -1.10344
20130125 -0.779659
20130201 2.3902
20130219 1.33541
20130225 -0.165807
20130305 -0.18836
20130312 0.781574
20130319 -1.95429
20130326 0.228229
20130402 0.72324
20130411 -0.697573
20130418 -0.847926
20130425 2.95712
20130503 1.41216
20130510 1.78524
20130517 1.06193
20130524 -1.893
20130531 0.548365
20130607 -1.93342
20130617 -1.26384
20130624 -2.93837
20130701 3.583
20130708 -1.86237
20130715 4.67061
20130722 -1.80782
20130729 -0.25847
20130805 0.669551
20130812 -2.89054
20130819 -0.0401084
20130827 -1.00466
20130903 3.42074
20130910 1.48855
20130916 0.567324
20130925 0.345965
20131002 -0.813395
20131009 1.5604
20131017 0.3589
20131024 0.466168
20131031 0.431912
20131107 -1.96862
20131114 -1.79629
20131121 -0.435899
20131128 3.24688
20131205 0.156777
20131212 -0.16966
20131219 0.550993
20131226 0.933573
20140103 0.71472
20140110 -0.201139
20140117 0.781424
20140124 0.026868
20140210 -2.4
20140217 1.5205
20140224 0.481957
20140304 -0.0709098
20140311 1.72762
20140318 0.340258
20140325 -0.488329
20140401 2.11583
20140409 0.64712
20140416 -0.0755831
20140423 0.370913
20140430 -1.8475
20140508 1.58632
20140515 -0.562653
20140522 1.00195
20140529 1.5538
20140606 0.279503
20140613 0.677979
20140620 0.841639
20140627 0.356273
20140704 2.18355
20140711 -0.14942
20140718 -0.99907
20140728 0.20434
20140804 -0.955282
20140811 -1.68571
20140818 -0.344499
20140825 2.7273
20140901 1.30385
20140909 -0.822974
20140916 -3.19424
20140923 -0.531018
20140930 -1.29864
20141007 0.824025
20141015 -4.26178
20141022 1.07816
20141029 1.76995
20141105 0.661748
20141112 -0.487017
20141119 0.496584
20141126 1.77558
20141203 0.579564
20141210 -1.55962
20141217 -2.25638
20141224 4.05307
20141230 0.895367
20150108 -0.327989
20150115 -0.789567
20150122 2.23042
20150129 0.612525
20150205 0.90326
20150212 -0.165477
20150302 1.10623
20150309 -0.399734
20150316 -0.523585
20150323 2.57734
20150330 -2.42076
20150408 0.526153
20150415 -0.333371
20150422 0.76457
20150429 2.50525
20150507 -1.51941
20150514 -0.961245
20150521 -0.335772
20150528 1.40188
20150604 -3.74978
20150611 -0.493544
20150618 -0.904275
20150626 2.64906
20150703 -1.10266
20150713 -3.46551
20150720 -0.652208
20150727 -4.66095
20150803 -0.377127
20150810 -0.675358
20150817 -2.99309
20150824 -9.77766
20150831 10.3177
20150907 -2.30412
20150914 4.01587
20150921 -0.0030094
20150930 -1.51438
20151007 3.83793
20151015 1.25116
20151022 0.0806884
20151029 -0.434223
20151105 3.25629
20151112 -4.76928
20151119 0.582698
20151126 0.0908342
20151203 -0.339908
20151210 -2.8369
20151217 1.25971
20151224 0.0563776
20151231 0.164568
20160108 -5.32605
20160115 -1.67166
20160122 -0.0751041
20160129 4.18273
20160215 -0.174372
20160222 3.22531
20160301 1.90965
20160308 2.10495
20160315 -0.613204
20160322 2.02644
20160329 -1.91596
20160407 -1.47493
20160414 2.09016
20160421 -1.14286
20160428 -1.10613
20160506 -3.86411
20160513 -1.13842
20160520 0.963159
20160527 4.08732
20160603 1.46214
20160613 -0.595534
20160620 1.05082
20160627 -1.9366
20160704 3.56679
20160712 0.923225
20160719 2.18754
20160726 -0.111569
20160802 0.487211
20160809 0.951843
20160816 -0.488469
20160823 -0.871872
20160830 0.881746
20160906 0.782499
20160912 -2.55711
20160921 3.14562
20160930 -0.668043
20161007 1.07954
20161017 -0.966886
20161024 1.59412
20161031 -0.34733
20161107 -1.07943
20161114 -2.7143
20161121 1.12646
20161128 2.0034
20161205 -0.667734
20170103 1.22502
20170103 0
20170104 0.151841
20170103 -0.151611
20170105 0.919453
20170104 -0.760618
20170106 0.150458
20170103 -1.05994
20170105 0.766448
20170106 0
20170105 -0.150232
20170110 0.827788
20170109 -0.0772193
20170106 0.318973
20170103 -0.911076
20170106 0.241507
20170104 -0.909707
20170111 0.632933
20170109 -0.0355275
20170105 0.168262
20170105 0.0909126
20170112 0.556094
20170109 -0.720069
20170104 -0.593636
20170106 0.283332
20170106 -0.403393
20170113 0.0705313
20170109 -0.388216
20170103 -0.744347
20170104 -0.670397
20170105 0.132674
20170106 -0.0704816
20170105 -0.220608
20170104 -1.30943
20170103 -0.77961
20170117 0.0523082
20170109 -0.12946
20170116 -0.536155
20170106 0.859738
20170103 -1.45906
20170106 0.1891
20170104 -0.979548
20170118 -0.0403447
20170109 0.00481906
20170105 0.708214
20170105 0.0385842
20170119 -0.978298
20170109 0.26078
20170104 -0.0577909
20170106 0.323808
20170103 -1.12967
20170106 0.580585
20170120 -0.505075
20170109 0.117452
20170103 -0.209315
20170104 -0.722327
20170105 0.173089
20170106 0.436799
20170105 0.285911
20170104 -0.334404
20170103 -0.739564
20170124 0.99866
20170109 -1.11696
20170123 1.41751
20170106 -0.549977
20170202 1.18961
20170202 0
20170203 0.282002
20170202 -0.281209
20170206 1.15644
20170203 -0.864438
20170206 0.871976
20170207 0.173514
20170202 -1.31445
20170209 1.70973
20170208 -0.489351
20170207 0.118509
20170206 -0.173214
20170207 -0.371423
20170203 -1.03615
20170210 2.22124
20170208 -1.26573
20170206 -0.0549104
20170202 -1.14322
20170206 -0.543993
20170213 1.80657
20170208 -1.72054
20170203 -0.918874
20170207 -1.14872
20170203 -1.40373
20170206 -1.31994
20170207 -1.60407
20170214 1.71877
20170208 -1.80609
20170202 -1.1975
20170202 -1.68099
20170216 1.88808
20170208 -2.33338
20170215 2.68787
20170207 -2.5021
20170206 -1.86001
20170203 -2.62361
20170202 -2.44807
20170207 -2.21763
20170203 -2.70837
20170217 0.97428
20170208 -2.21839
20170206 -2.67098
20170202 -2.89744
20170203 -3.23081
20170206 -2.27208
20170218 0.716759
20170207 -2.30432
20170220 0.354159
20170208 -2.15263
20170202 -3.78366
20170202 -3.50293
20170222 0.0770656
20170208 -2.40859
20170221 -0.365622
20170207 -2.14432
20170206 -2.20636
20170203 -3.3166
20170202 -3.38933
20170207 -2.29293
20170203 -3.05172
20170223 0.0978488
20170208 -2.31398
20170206 -2.31382
20170202 -3.58848
20170206 -2.46217
20170224 -0.301129
20170208 -2.12523
20170203 -3.15826
20170207 -2.19821
20170202 -3.32435
20170301 -1.06353
20170301 0
20170302 0.175916
20170301 -0.175608
20170302 0
20170303 -0.274635
20170302 0.451792
20170306 0.356749
20170301 -0.081069
20170303 -0.44976
20170308 0.813144
20170307 -0.157687
20170306 -0.569316
20170303 -0.355481
20170301 0.275391
20170306 -0.726105
20170302 0.0947049
20170309 -0.342449
20170307 0.822685
20170303 -0.922774
20170302 -0.475151
20170306 0.248685
20170303 -1.07901
20170310 -0.210612
20170307 1.14439
20170306 0.568559
20170313 0.151921
20170307 0.420017
20170301 -0.649924
20170302 -0.632088
20170303 -0.10768
20170302 0.343626
20170301 0.167415
20170315 -0.134728
20170307 -0.0229896
20170314 0.0630479
20170306 -0.631966
20170303 -0.506633
20170302 0.663802
20170301 0.487029
20170306 -0.592175
20170302 -0.0571295
20170316 1.85554
20170307 -1.01404
20170303 -0.9852
20170302 -0.537859
20170306 -1.57759
20170301 -0.232637
20170303 -0.945551
20170317 2.91654
20170307 -1.72192
20170306 -2.28144
20170320 2.2236
20170307 -1.76435
20170301 -0.712522
20170302 -0.498031
20170303 -1.92746
20170301 -1.65738
20170322 1.87212
20170307 -1.86029
20170321 2.34273
20170306 -2.9066
20170303 -2.67084
20170302 -2.18889
20170301 -2.36066
20170306 -2.41901
20170302 -2.23112
20170323 0.944417
20170307 -1.94014
20170303 -3.25175
20170302 -2.81465
20170306 -2.49841
20170301 -2.40281
20170303 -2.76589
20170324 -0.0576258
20170307 -1.66526
20170306 -2.22509
20170327 -0.36518
20170307 -1.4043
20170301 -2.98531
20170302 -2.3266
20170303 -2.84501
20170302 -2.40607
20170301 -2.57745
20170329 -0.669278
20170307 -1.19903
20170328 -0.96305
20170306 -1.96245
20170303 -2.31411
20170302 -2.1325
20170301 -2.30436
20170306 -1.76152
20170302 -1.87278
20170330 -0.831658
20170307 -1.11777
20170303 -2.31095
20170302 -1.8696
20170306 -1.68073
20170301 -2.04509
20170303 -2.11074
20170331 -0.92357
20170307 -0.748602
20170405 1.40611
20170405 0
20170406 -0.519431
20170405 0.522143
20170406 0
20170407 -0.764968
20170406 0.24743
20170407 -0.246819
20170410 0.0928753
20170405 0.677361
20170407 -0.0927891
20170412 -1.3247
20170411 0.15014
20170410 0.509743
20170410 0.660648
20170406 0.154411
20170413 -0.617512
20170411 -0.0433049
20170407 0.416481
20170405 0.770865
20170406 0.664942
20170410 0.466218
20170407 0.567246
20170414 -1.42242
20170411 1.0222
20170406 0.81608
20170407 0.372996
20170410 1.53716
20170417 -1.68114
20170411 1.19406
20170405 1.19056
20170406 1.86694
20170420 -2.07376
20170411 2.07345
20170418 -0.873237
20170407 1.30108
20170405 2.22493
20170419 -1.8104
20170410 2.51661
20170421 -0.159454
20170411 1.18354
20170406 1.55173
20170410 2.59377
20170405 2.39883
20170407 2.42148
20170424 0.0159504
20170411 1.17792
20170405 2.08197
20170406 2.67491
20170407 2.49857
20170410 1.69932
20170406 2.75218
20170405 3.2887
20170426 2.24597
20170411 -0.243803
20170425 0.976246
20170410 0.414868
20170407 1.59931
20170406 1.85636
20170406 1.85069
20170427 2.36621
20170411 -0.285988
20170407 0.321694
20170405 2.38819
20170410 0.264698
20170428 1.59085
20170411 -0.400933
20170406 0.56992
20170410 0.222298
20170405 2.3825
20170407 0.171663
20170502 2.29801
20170502 0
20170503 0.141436
20170502 -0.141236
20170504 0.265259
20170503 -0.123495
20170505 -0.67919
20170502 0.417468
20170504 0.123648
20170508 0.376867
20170508 0
20170505 -0.375452
20170504 0.683835
20170509 -0.259414
20170508 0.219551
20170502 -0.264557
20170505 -0.156725
20170503 0.559495
20170510 0.130485
20170508 -0.311691
20170504 0.305815
20170504 0.526038
20170511 0.339507
20170508 -0.64221
20170503 0.181942
20170505 -0.685972
20170505 -1.01525
20170512 0.87758
20170508 -0.496357
20170502 0.0404491
20170503 0.401893
20170504 -0.00682827
20170515 1.00199
20170508 -0.99205
20170505 -1.36378
20170504 -0.19206
20170503 -0.461436
20170502 -0.271367
20170516 1.16999
20170508 -0.939444
20170502 -0.60202
20170505 -1.31137
20170503 -0.315318
20170517 0.454937
20170508 -0.763156
20170504 -0.689269
20170502 -0.456109
20170504 -0.636502
20170518 -0.320255
20170508 -0.322989
20170503 -0.811913
20170505 -1.13574
20170505 -0.697228
20170519 -0.392519
20170508 -0.104247
20170502 -0.952003
20170503 -0.759211
20170504 -0.459674
