19990105 -2.50348
19990112 -1.02107
19990118 -0.91545
19990125 -1.78292
19990130 0.821414
19990205 -0.576763
19990220 0.525782
19990226 0.98645
19990305 -0.671004
19990311 -1.46921
19990318 0.881812
19990324 0.17346
19990331 -0.0158343
19990407 -0.760436
19990414 0.108787
19990420 0.624639
19990427 -1.49118
19990504 2.07869
19990511 -0.741273
19990517 -0.361072
19990524 -0.543664
19990529 -0.370468
19990604 -0.298299
19990610 0.0394053
19990617 1.45817
19990625 -2.39883
19990703 -1.05788
19990709 -0.859312
19990716 -7.20747
19990722 -0.836194
19990729 -2.0459
19990804 -0.978687
19990810 3.09544
19990817 0.963371
19990823 -0.597275
19990830 0.205216
19990904 -1.49472
19990910 0.941209
19990917 -0.886613
19990929 1.33019
19991005 -2.41112
19991012 2.31334
19991018 -0.762864
19991025 1.2813
19991030 0.982199
19991105 0.289687
19991111 0.900604
19991119 -0.210475
19991125 -0.191301
19991202 0.0439544
19991208 -0.202254
19991215 0.352776
19991221 1.67005
19991228 -0.0340745
20000110 2.0631
20000115 0.389153
20000121 0.932677
20000128 1.00474
20000210 0.492488
20000217 1.1131
20000223 -0.985097
20000302 -2.18569
20000308 -0.140491
20000315 -1.7542
20000322 0.667532
20000329 -0.474906
20000406 -2.50826
20000412 -1.54838
20000418 0.93342
20000425 2.40413
20000502 -2.24153
20000508 -0.614686
20000515 -2.02456
20000520 -2.99995
20000526 1.93462
20000602 -1.07274
20000609 -0.838468
20000616 -0.227849
20000622 1.72054
20000629 -3.71133
20000706 -0.022673
20000713 2.05249
20000719 1.64824
20000726 0.209444
20000801 -2.28756
20000807 -1.12775
20000814 -1.61142
20000819 0.168638
20000828 -1.74793
20000902 3.56365
20000908 -1.20503
20000916 -0.608754
20000922 -1.86196
20000929 -2.11912
20001005 1.63262
20001012 -0.77347
20001019 -3.43334
20001025 1.8499
20001101 -2.29238
20001107 2.72446
20001114 0.44388
20001120 -2.99356
20001127 -1.39762
20001202 -1.30131
20001208 0.699151
20001215 -0.596444
20001221 -0.36278
20001229 -1.10776
20010105 2.76576
20010112 -1.20181
20010129 -2.91658
20010205 -1.33075
20010212 0.679453
20010219 0.272237
20010226 -0.533004
20010306 -0.959289
20010313 1.82602
20010320 -0.884405
20010327 -1.00237
20010403 -1.36129
20010411 -0.0533741
20010418 0.531797
20010425 -1.39412
20010503 2.22818
20010510 -1.79041
20010517 0.610496
20010524 0.633823
20010531 0.676574
20010607 -0.373884
20010614 -1.16249
20010621 -1.17601
20010629 0.593871
20010706 0.786673
20010713 -4.87028
20010720 0.545815
20010727 -0.481411
20010806 -0.823229
20010813 0.633976
20010820 0.669003
20010827 0.740061
20010903 -1.44314
20010910 0.813733
20010920 0.133468
20010927 -0.534742
20011005 2.37239
20011015 -0.317877
20011022 0.877238
20011029 -0.412545
20011105 1.63821
20011112 1.13015
20011119 2.00116
20011126 1.04723
20011203 2.47531
20011210 -0.453277
20011217 -0.834057
20011224 0.625805
20011231 1.28023
20020108 -0.574982
20020115 0.180744
20020122 -1.0144
20020129 -2.69681
20020205 0.542774
20020221 -1.9128
20020301 0.154266
20020308 -1.08676
20020315 -1.82576
20020322 -0.142137
20020329 -1.55705
20020408 -0.221446
20020415 -0.490958
20020422 -0.125963
20020429 -0.627295
20020507 2.50991
20020514 -0.786345
20020521 -0.996726
20020528 -1.66558
20020604 1.54173
20020611 -2.37409
20020618 -1.57738
20020625 -1.91682
20020702 2.33471
20020709 0.669008
20020716 -2.27786
20020723 2.85259
20020730 0.664927
20020806 1.45897
20020813 -0.558717
20020820 -0.621211
20020827 -1.39354
20020903 -1.42002
20020911 -0.647002
20020918 -1.06993
20020925 -2.12882
20021002 -1.75218
20021009 -0.676811
20021017 2.34317
20021024 -0.794118
20021031 0.703966
20021107 0.0130349
20021114 -0.743953
20021121 -3.02008
20021128 -1.82991
20021205 0.643384
20021212 -0.931551
20021219 1.13603
20021226 1.26174
20030103 0.17495
20030110 -0.640507
20030117 -0.971766
20030124 -1.643
20030210 -1.12209
20030217 1.63104
20030224 0.510279
20030304 0.404774
20030311 -0.270828
20030318 0.774734
20030325 0.564875
20030401 1.4553
20030408 -0.148491
20030415 -0.146858
20030422 -1.43112
20030429 0.336576
20030507 0.528514
20030514 0.269786
20030521 -0.754117
20030528 -1.40279
20030605 -0.11889
20030612 0.654256
20030619 0.209798
20030626 -0.770683
20030703 -1.40387
20030710 -1.58309
20030717 -1.6701
20030724 1.46715
20030731 0.449896
20030807 0.0287161
20030814 -0.490342
20030821 1.18806
20030828 -1.31223
20030904 -0.979182
20030912 0.318617
20030919 -0.560753
20030926 -0.716239
20031003 0.542262
20031013 1.10476
20031020 0.60184
20031027 0.210726
20031103 0.547381
20031110 0.0972991
20031117 -0.988406
20031124 -0.409036
20031201 1.75915
20031208 -0.375015
20031215 0.225351
20031222 0.91697
20031229 -1.11055
20040106 -0.421559
20040113 -0.463844
20040128 0.401528
20040204 -0.480742
20040211 -0.978344
20040218 -0.754947
20040225 0.371465
20040303 -0.707152
20040310 -1.32407
20040317 -1.14946
20040324 -0.832785
20040331 -0.499779
20040407 0.0648868
20040414 1.59116
20040421 0.124968
20040428 -0.927472
20040505 -5.43814
20040512 -0.197134
20040519 2.99463
20040526 -1.16847
20040602 -0.54739
20040609 -0.107662
20040616 -2.83144
20040624 0.233104
20040701 -0.219327
20040708 -0.529781
20040715 -0.951918
20040722 1.63009
20040729 -0.531212
20040805 1.74333
20040812 0.345642
20040819 2.04547
20040830 -0.0505912
20040906 0.498498
20040913 0.179301
20040920 0.30444
20040927 -0.388279
20041005 -0.115637
20041012 -1.54624
20041019 -0.139619
20041027 -0.225814
20041103 1.75945
20041110 0.00185515
20041117 1.9026
20041124 0.725542
20041201 0.35583
20041208 -0.277718
20041215 1.20944
20041222 -0.118993
20041229 0.833868
20050105 -0.185018
20050112 -1.32295
20050119 -0.961594
20050126 0.342021
20050202 0.0392243
20050217 -0.759321
20050224 0.0775689
20050304 0.0355362
20050311 -0.345661
20050318 0.0781592
20050325 0.782884
20050401 0.300132
20050411 -0.696028
20050418 -1.62829
20050425 0.0881212
20050503 -0.460552
20050510 -0.39459
20050517 -0.76272
20050524 0.34387
20050531 0.211041
20050607 -0.62595
20050614 -0.621346
20050621 -0.410355
20050628 0.20908
20050705 -0.601931
20050712 0.336253
20050720 -0.223822
20050727 -0.57762
20050803 0.999575
20050811 -0.140039
20050818 -0.755399
20050825 0.101585
20050902 0.564641
20050909 -0.693624
20050916 -0.805069
20050923 -0.541308
20050930 1.07407
20051007 -0.150228
20051017 -2.73712
20051024 -0.764585
20051031 1.25562
20051107 -0.761507
20051114 0.286502
20051121 -0.446596
20051128 0.596064
20051205 1.0747
20051212 -0.100753
20051219 0.705567
20051226 -0.470628
20060102 0.068914
20060109 -0.143655
20060116 0.648123
20060123 -0.0612236
20060207 0.413306
20060214 0.910848
20060221 -1.14338
20060301 1.46349
20060308 -0.42392
20060315 0.039288
20060322 -0.439292
20060329 0.780582
20060406 0.533082
20060413 0.0810239
20060420 0.585726
20060427 -0.937568
20060505 -0.529174
20060512 0.124349
20060519 0.47909
20060526 -1.03931
20060605 -3.47144
20060612 0.917562
20060619 0.0986875
20060626 0.917027
20060703 -0.129771
20060710 1.09836
20060717 -2.26418
20060724 0.677552
20060731 -1.12818
20060807 -0.145976
20060814 0.355617
20060821 -3.12402
20060828 -1.07935
20060904 0.660105
20060911 -0.305018
20060918 1.44014
20060925 0.458303
20061002 0.774818
20061012 -0.685075
20061018 -0.062089
20061025 -0.564087
20061101 -0.313806
20061108 -0.311497
20061115 -0.242886
20061122 0.255938
20061129 -0.031433
20061206 0.766754
20061213 -0.397595
20061220 0.267571
20061227 -0.35961
20070104 0.0582559
20070111 -1.36651
20070118 0.546599
20070125 -0.737477
20070201 -0.641954
20070208 -0.422827
20070226 -0.493736
20070305 -2.92614
20070312 0.236495
20070319 -0.0271346
20070326 -0.00977357
20070402 -0.0403096
20070411 0.133524
20070417 -1.74456
20070424 0.414385
20070502 0.0288614
20070509 -0.486893
20070516 -0.00501179
20070523 -0.130461
20070530 -0.201747
20070606 -0.192541
20070613 -0.501885
20070622 -0.378385
20070628 -0.245217
20070705 0.380958
20070712 0.0798117
20070719 0.249635
20070726 -2.32127
20070802 -1.38319
20070809 -0.335054
20070816 -2.33255
20070823 0.384388
20070830 -0.126841
20070906 1.35343
20070913 -1.48847
20070921 0.960236
20071001 -0.372538
20071008 -0.202936
20071016 1.30522
20071023 0.87955
20071030 -0.977646
20071106 -0.341146
20071113 0.62272
20071120 2.32507
20071127 0.673935
20071204 1.09801
20071211 -0.121979
20071218 0.990844
20071225 0.0108943
20080102 -1.98456
20080109 3.09736
20080116 -1.28851
20080123 -3.89024
20080130 -0.799418
20080214 1.99482
20080221 1.29761
20080229 0.541498
20080307 -0.0686446
20080314 -1.58842
20080321 0.844977
20080328 0.367442
20080407 1.05526
20080414 0.171332
20080421 -0.80213
20080428 1.27005
20080506 0.0584027
20080513 1.06341
20080520 -2.58928
20080527 -0.0108231
20080603 -0.983656
20080610 -2.47018
20080617 0.237584
20080624 -1.90943
20080701 -1.60137
20080708 -3.06655
20080715 -2.68746
20080722 0.509401
20080730 -1.07607
20080806 1.22078
20080813 0.272941
20080820 1.63754
20080827 1.87157
20080903 -1.81813
20080910 0.965092
20080917 -2.56992
20080924 -0.0713687
20081002 -1.05404
20081009 -1.01709
20081017 -0.668633
20081024 -0.424206
20081031 3.46047
20081107 6.13798
20081114 -1.86736
20081121 5.25931
20081128 0.362709
20081205 0.284828
20081212 -2.60163
20081219 0.704253
20081226 0.603617
20090106 0.163569
20090112 -0.752734
20090117 -0.382393
20090203 1.68001
20090210 0.0453199
20090217 -1.77544
20090224 0.504316
20090303 1.62612
20090310 1.4134
20090317 0.849992
20090324 0.0840125
20090331 -0.0790057
20090407 1.43638
20090414 1.34597
20090421 3.8029
20090428 -2.57695
20090506 2.7725
20090513 0.553227
20090520 -0.0733382
20090527 1.32165
20090605 -0.858954
20090611 1.6838
20090618 -1.63795
20090625 0.462516
20090702 0.813605
20090709 0.768435
20090716 -1.21739
20090723 -0.098889
20090730 -0.514766
20090806 -0.262104
20090814 -0.314589
20090821 -1.92906
20090828 1.22543
20090904 -0.196873
20090911 0.508635
20090918 0.84626
20090925 0.641926
20091002 -0.0442374
20091009 -0.0109613
20091016 0.039812
20091023 -0.0308477
20091030 -1.19321
20091106 -0.709783
20091113 0.189514
20091120 -0.758875
20091127 -1.62192
20091204 -0.445405
20091211 1.10389
20091218 0.821669
20091225 -0.435968
20100104 -0.177202
20100111 0.389564
20100118 0.572235
20100125 0.352956
20100201 -1.68829
20100206 -0.439491
20100223 0.288027
20100302 -0.679772
20100309 0.105508
20100316 0.315714
20100323 -0.866104
20100330 -0.374117
20100407 -0.118308
20100414 0.23756
20100421 0.510315
20100428 1.72253
20100505 -0.802666
20100512 -0.791295
20100519 0.418991
20100526 0.083087
20100602 -0.787009
20100609 -1.31897
20100617 0.168725
20100624 -0.155624
20100701 -0.994011
20100708 -0.0507029
20100715 0.0653262
20100722 -0.428867
20100729 0.260325
20100805 -0.914096
20100812 0.517752
20100819 0.0436562
20100826 -0.691946
20100902 -0.566402
20100909 -0.83892
20100916 -0.918673
20100924 -0.189926
20101001 -0.180412
20101008 -0.747983
20101015 -0.140812
20101022 -0.0177453
20101029 -0.734271
20101105 0.0536457
20101112 -1.05159
20101119 -0.461853
20101126 -0.706215
20101203 -0.0795993
20101210 -0.250322
20101217 -0.114968
20101224 -0.555638
20101231 0.40722
20110107 -1.37593
20110114 -0.142789
20110121 0.213645
20110128 0.25421
20110214 0.21761
20110221 -0.3151
20110301 1.34431
20110308 0.640241
20110315 -3.04986
20110322 -0.178681
20110329 0.680802
20110407 0.189985
20110414 0.17047
20110421 0.726184
20110428 -0.530315
20110506 -0.227835
20110513 -0.364393
20110520 -1.20019
20110527 0.0421285
20110603 0.240901
20110613 -0.89539
20110620 -1.71066
20110627 0.517951
20110704 -0.30438
20110711 -0.956623
20110718 -0.135551
20110725 -0.926103
20110801 0.827467
20110808 -2.79037
20110815 0.646404
20110822 -0.491516
20110829 1.27076
20110905 -1.13029
20110913 -1.84103
20110920 0.0968526
20110927 0.83657
20111004 1.59472
20111012 -0.104329
20111019 -0.545866
20111026 1.31827
20111102 1.30537
20111109 -1.102
20111116 -1.77411
20111123 -2.31398
20111130 -1.39211
20111207 0.411466
20111214 0.145096
20111221 1.27715
20111228 -0.415323
20120104 -0.142387
20120111 -0.206718
20120118 -0.0255696
20120203 0.212962
20120209 0.603049
20120216 -1.42852
20120223 -0.559015
20120303 -0.0677345
20120309 0.0426819
20120316 -0.926657
20120323 0.107583
20120330 1.28673
20120409 0.173834
20120416 -0.225883
20120423 -0.10322
20120430 0.840142
20120508 -0.349308
20120515 0.912843
20120522 0.233264
20120529 2.26629
20120605 0.170711
20120612 0.506508
20120619 -0.18404
20120626 -0.102027
20120703 0.746801
20120710 -0.74475
20120717 0.994788
20120724 0.055824
20120731 1.82004
20120808 -0.160811
20120815 -0.294665
20120822 0.00947136
20120829 0.15814
20120905 -0.841061
20120912 0.688552
20120919 0.54771
20120926 -0.430237
20121003 -0.554516
20121011 -0.571878
20121018 -0.115863
20121025 -0.919843
20121101 0.527444
20121108 0.188545
20121115 0.165729
20121122 -0.155126
20121129 0.463515
20121206 -0.492241
20121213 0.562635
20121220 -0.662687
20121226 -0.161117
20130104 -0.157065
20130111 -0.311337
20130118 0.462375
20130125 -0.294596
20130201 0.0282695
20130219 -0.169543
20130225 -0.49068
20130305 0.281527
20130312 -0.55094
20130319 -0.0637473
20130326 -0.220231
20130402 0.202858
20130411 0.891047
20130418 0.126841
20130425 0.0794737
20130503 -0.275574
20130510 -0.0497336
20130517 -0.108261
20130524 -0.766688
20130531 -0.768981
20130607 -0.231084
20130617 0.493361
20130624 -0.390584
20130701 0.300174
20130708 -1.17505
20130715 0.934428
20130722 0.165847
20130729 -0.756679
20130805 0.424838
20130812 0.319357
20130819 -0.469171
20130827 -0.699477
20130903 -0.0900487
20130910 -0.102716
20130916 0.802602
20130925 0.00363105
20131002 0.00681077
20131009 -0.09003
20131017 -0.193069
20131024 0.589035
20131031 0.145771
20131107 -0.172927
20131114 -0.0357549
20131121 -1.20044
20131128 0.502116
20131205 -0.652275
20131212 -0.52691
20131219 0.0834573
20131226 0.214452
20140103 -0.444978
20140110 -0.348516
20140117 -0.376546
20140124 0.195996
20140210 -0.290738
20140217 -0.214109
20140224 -0.49979
20140304 -0.338321
20140311 0.0847631
20140318 -0.176504
20140325 1.16553
20140401 0.291732
20140409 0.203993
20140416 0.0308259
20140423 -0.584598
20140430 -1.0608
20140508 0.0637568
20140515 0.313235
20140522 0.784393
20140529 -0.158492
20140606 -0.363991
20140613 0.0398051
20140620 -0.606189
20140627 -0.107971
20140704 -0.166702
20140711 -0.688895
20140718 0.702594
20140728 0.0454476
20140804 0.537703
20140811 0.69244
20140818 -0.882829
20140825 -0.0278936
20140901 0.407935
20140909 -0.183769
20140916 -0.926897
20140923 -0.540706
20140930 0.137805
20141007 -0.274225
20141015 -1.29861
20141022 0.0448252
20141029 0.927584
20141105 -0.390766
20141112 -1.23121
20141119 0.754034
20141126 -0.0294839
20141203 1.12184
20141210 -0.912418
20141217 -1.48722
20141224 0.986087
20141230 -0.329816
20150108 0.917629
20150115 -0.350433
20150122 0.350229
20150129 -0.553412
20150205 0.0104114
20150212 -0.000843248
20150302 -0.659589
20150309 -0.562123
20150316 -0.736061
20150323 -0.0183408
20150330 -0.120731
20150408 -0.768195
20150415 -0.930877
20150422 0.663793
20150429 -0.815216
20150507 -0.875501
20150514 -1.22812
20150521 -0.714905
20150528 -0.294926
20150604 -1.97607
20150611 -0.305434
20150618 0.314814
20150626 -0.204387
20150703 -0.120279
20150713 0.974661
20150720 -1.21079
20150727 -2.02171
20150803 -1.29821
20150810 0.66832
20150817 -1.13724
20150824 -4.00654
20150831 1.8476
20150907 -0.052557
20150914 -0.303391
20150921 -1.15962
20150930 1.03852
20151007 1.15139
20151015 0.328221
20151022 0.0937116
20151029 -1.28418
20151105 -0.0965238
20151112 0.015784
20151119 1.13469
20151126 0.876695
20151203 0.374139
20151210 0.0231352
20151217 1.27882
20151224 -0.321389
20151231 0.777034
20160108 1.05963
20160115 -0.601745
20160122 0.351538
20160129 2.53554
20160215 1.12654
20160222 0.130951
20160301 1.24455
20160308 0.0976127
20160315 -1.53667
20160322 -0.230977
20160329 -0.802458
20160407 -0.387176
20160414 -0.198271
20160421 0.228219
20160428 -1.31653
20160506 -0.282878
20160513 -0.521747
20160520 0.278462
20160527 0.570614
20160603 0.258963
20160613 -1.13525
20160620 0.158613
20160627 0.625485
20160704 0.369599
20160712 0.531335
20160719 0.178187
20160726 0.459064
20160802 -0.135445
20160809 0.011799
20160816 -0.390653
20160823 0.488028
20160830 -0.0305077
20160906 0.868077
20160912 -0.935062
20160921 0.947067
20160930 -0.796399
20161007 -0.256743
20161017 0.279212
20161024 -0.122568
20161031 0.0745424
20161107 0.954305
20161114 -0.166038
20161121 0.347734
20161128 0.598977
20161205 -0.367611
20170103 0.219618
20170104 0.0801812
20170105 0.814216
20170106 0.00863872
20170110 0.0583166
20170109 -0.363255
20170111 -0.260718
20170112 0.577799
20170113 0.0547263
20170117 0.565153
20170116 -0.686258
20170118 -0.0296478
20170119 -0.071958
20170120 0.0499652
20170124 0.26425
20170123 0.644936
20170202 -0.771189
20170203 0.0582007
20170206 0.742948
20170207 0.284858
20170209 0.362724
20170208 0.0259986
20170210 0.550523
20170213 0.205675
20170214 -0.0818359
20170216 -0.566198
20170215 0.777755
20170217 -0.198385
20170218 0.089139
20170220 -0.434976
20170222 -0.0763288
20170221 0.0272522
20170223 -0.0488077
20170224 -0.0737901
20170301 -0.782883
20170302 -0.368023
20170303 -0.248647
20170306 0.369336
20170308 0.0943163
20170307 0.493388
20170309 -0.83613
20170310 -0.268292
20170313 0.422306
20170315 -0.0100651
20170314 0.243605
20170316 0.706127
20170317 0.640902
20170320 0.0722824
20170322 0.107952
20170321 0.496923
20170323 0.0883948
20170324 -0.112361
20170327 -0.311176
20170329 -0.311014
20170328 -0.338447
20170330 -0.214098
20170331 -0.354042
20170405 0.943952
20170406 -0.491224
20170407 -0.198225
20170410 0.0227726
20170412 -0.141177
20170411 -0.496991
20170413 0.283924
20170414 -0.746681
20170417 -0.250587
20170420 -0.0750966
20170418 0.110929
20170419 -0.87862
20170421 0.625039
20170424 -0.256186
20170426 -0.0269817
20170425 1.06687
20170427 0.011866
20170428 0.036684
20170502 0.14939
20170503 -0.0229979
20170504 0.0492754
20170505 -0.55249
20170508 0.0314081
20170509 -0.516999
20170510 0.333164
20170511 0.330749
20170512 0.0506001
20170515 0.586675
20170516 -0.0606704
20170517 -0.0593854
20170518 0.168905
20170519 -0.228479
