1:
986

2:
20010927 3567.63
20011005 3585.46
20010920 3698.84
20011015 3712.82
20011022 3900.62
20021009 3947.61
20011029 4065.1
20011105 4080.51
20081121 4171.1
20021002 4171.76

3:
20000406 9969.28
20170518 9969.45
20170321 9972.49
20170512 9986.82
20170511 10001.5
20170517 10013.7
20170516 10031.5
20170515 10036.8
20000210 10057.7
20000217 10202.2

4:
20130125 7695.25 7704.31 7637.2 7672.58
20120203 7658.68 7674.99 7608.41 7674.99

5:
max_return: 5.05815 on 20011022
min_return: 0 on 20050818

6:
max_return: 6.13798 on 20081107
min_return: -7.20747 on 19990716

10:
max_open_price: 10225.8 on 20000406
min_open_price: 3502.37 on 20011005
max_high_price: 10329 on 20000406
min_high_price: 3585.64 on 20011005
max_low_price: 10089.9 on 20000217
min_low_price: 3467.94 on 20011005
max_close_price: 10202.2 on 20000217
min_close_price: 3567.63 on 20010927
