1: 915
2: Small 10
20010927 3567.63
20011005 3585.46
20010920 3698.84
20011015 3712.82
20011022 3900.62
20021009 3947.61
20011029 4065.1
20011105 4080.51
20081121 4171.1
20021002 4171.76
3: Big 10
20170328 9876.45
20170406 9897.8
20170505 9899.94
20000412 9911.39
20170519 9947.62
20000406 9969.28
20170321 9972.49
20170512 9986.82
20000210 10057.7
20000217 10202.2
4: Median
20080130 7543.5
7: 
19990105 6152.43
19990112 6363.89
19990118 6377.25
19990125 6033.21
19990130 5998.32
19990205 5474.79
19990220 6072.33
19990226 6318.52
19990305 6383.09
19990311 6436.8
19990318 6895.01
19990324 6889.42
19990331 6881.72
19990407 7135.89
19990414 7398.65
19990420 7627.74
19990427 7550.13
19990504 7588.04
19990511 7474.45
19990517 7599.76
19990524 7588.23
19990529 7419.7
19990604 7590.44
19990610 7996.76
19990617 8274.36
19990625 8265.96
19990703 8563.55
19990709 8550.27
19990716 7411.58
19990722 7678.67
19990729 7359.37
19990804 7110.8
19990810 7269.6
19990817 8083.43
19990823 8119.98
19990830 8071.36
19990904 8065.11
19990910 8161.46
19990917 7916.92
19990929 7615.45
19991005 7557.01
19991012 7835.37
19991018 7745.26
19991025 7680.87
19991030 7854.85
19991105 7488.26
19991111 7532.22
19991119 7770.81
19991125 7904.53
19991202 7806.26
19991208 7811.02
19991215 7859.89
19991221 7934.26
19991228 8448.84
20000110 9102.6
20000115 9191.37
20000121 9255.94
20000128 9696.91
20000210 10057.7
20000217 10202.2
20000223 9642.26
20000302 9543.82
20000308 9389.49
20000315 8640.03
20000322 9069.39
20000329 9805.69
20000406 9969.28
20000412 9911.39
20000418 9307.03
20000425 8921.12
20000502 8638.75
20000508 8616.18
20000515 8465.02
20000520 8820.35
20000526 8559.46
20000602 8883.45
20000609 9036.66
20000616 8832.15
20000622 8771.77
20000629 8120.89
20000706 8289.39
20000713 8267.66
20000719 8411.88
20000726 7961.54
20000801 7984.65
20000807 7715.99
20000814 7848.87
20000819 8209.07
20000828 7845.87
20000902 7707.59
20000908 7367.99
20000916 7053.29
20000922 6612.09
20000929 6432.36
20001005 6029.65
20001012 5805.01
20001019 5081.28
20001025 6023.78
20001101 5425.02
20001107 5877.77
20001114 5772.51
20001120 4845.21
20001127 5433.78
20001202 5277.35
20001208 5252.83
20001215 5224.74
20001221 4817.22
20001229 4743.94
20010105 5295.53
20010112 5339.4
20010129 5680.06
20010205 5932.42
20010212 5847.07
20010219 5937.3
20010226 5716.02
20010306 5635.06
20010313 5610.4
20010320 5642.7
20010327 5884.33
20010403 5446.82
20010411 5467.75
20010418 5508.61
20010425 5516.2
20010503 5405.54
20010510 5122.17
20010517 5143.44
20010524 5226.79
20010531 5048.86
20010607 5153.35
20010614 5119.19
20010621 4984.88
20010629 4883.43
20010706 4707.01
20010713 4485.68
20010720 4220.33
20010727 4320.59
20010806 4470.73
20010813 4520.76
20010820 4550.36
20010827 4384.55
20010903 4454.77
20010910 4289.1
20010920 3698.84
20010927 3567.63
20011005 3585.46
20011015 3712.82
20011022 3900.62
20011029 4065.1
20011105 4080.51
20011112 4172.63
20011119 4548.63
20011126 4608.32
20011203 4646.61
20011210 5321.28
20011217 5456.15
20011224 5164.73
20011231 5551.24
20020108 5810.08
20020115 5592.74
20020122 5804.1
20020129 5846.19
20020205 5844.25
20020221 5656.1
20020301 5680.78
20020308 6011.65
20020315 5951.45
20020322 6140.42
20020329 6167.47
20020408 6190.83
20020415 6196
20020422 6462.3
20020429 6205.09
20020507 5663.98
20020514 5755.92
20020521 5443.18
20020528 5669.53
20020604 5527.8
20020611 5405.42
20020618 5536.42
20020625 5316.04
20020702 4995.08
20020709 5388.52
20020716 5318.01
20020723 5159.23
20020730 5005.04
20020806 4572.35
20020813 4817.93
20020820 4919.26
20020827 4878.85
20020903 4588.06
20020911 4660.53
20020918 4482.65
20020925 4185.95
20021002 4171.76
20021009 3947.61
20021017 4280.81
20021024 4574.8
20021031 4579.14
20021107 4757.98
20021114 4665.56
20021121 4579.45
20021128 4612.6
20021205 4755.4
20021212 4669.7
20021219 4549.23
20021226 4567.37
20030103 4626.32
20030110 4850.8
20030117 4907.78
20030124 5057.32
20030210 4643.87
20030217 4705.08
20030224 4609.2
20030304 4499.69
20030311 4260.45
20030318 4539.72
20030325 4498.83
20030401 4337.61
20030408 4552.45
20030415 4487.59
20030422 4556.1
20030429 4200.32
20030507 4275.91
20030514 4341.1
20030521 4216.64
20030528 4474.41
20030605 4738.34
20030612 4878.43
20030619 5048.91
20030626 4894.01
20030703 5095.31
20030710 5282.38
20030717 5299.51
20030724 5402.75
20030731 5318.34
20030807 5259.07
20030814 5436.75
20030821 5611.86
20030828 5523.12
20030904 5625.63
20030912 5645.28
20030919 5757.91
20030926 5650.11
20031003 5747.79
20031013 5972.47
20031020 6077.89
20031027 5958.55
20031103 6087.45
20031110 6059.03
20031117 5952.32
20031124 5821.58
20031201 5870.17
20031208 5847.15
20031215 5924.24
20031222 5835.11
20031229 5804.89
20040106 6144.01
20040113 6210.22
20040128 6386.25
20040204 6241.39
20040211 6454.39
20040218 6605.85
20040225 6644.28
20040303 6932.17
20040310 6874.91
20040317 6577.98
20040324 6213.56
20040331 6522.19
20040407 6646.74
20040414 6880.18
20040421 6810.25
20040428 6574.75
20040505 5854.23
20040512 5958.79
20040519 5860.58
20040526 6027.27
20040602 5875.67
20040609 5965.7
20040616 5560.16
20040624 5779.09
20040701 5836.91
20040708 5713.39
20040715 5542.8
20040722 5387.96
20040729 5349.66
20040805 5427.61
20040812 5368.02
20040819 5602.99
20040830 5788.94
20040906 5775.99
20040913 5928.22
20040920 5864.54
20040927 5849.22
20041005 6081.01
20041012 5979.56
20041019 5807.79
20041027 5650.97
20041103 5862.85
20041110 5948.49
20041117 6028.68
20041124 5911.31
20041201 5798.62
20041208 5892.51
20041215 6002.58
20041222 6001.52
20041229 6088.49
20050105 5988.37
20050112 5879.08
20050119 5895.35
20050126 5835.37
20050202 6018.69
20050217 6072.16
20050224 6128.34
20050304 6193.62
20050311 6204.23
20050318 6043.95
20050325 6065.91
20050401 6028.75
20050411 5979.42
20050418 5715.16
20050425 5758.31
20050503 5818.22
20050510 5949.8
20050517 5894.01
20050524 5909.1
20050531 6011.56
20050607 6105.79
20050614 6205.76
20050621 6278.46
20050628 6316.84
20050705 6232.04
20050712 6358.81
20050720 6423.81
20050727 6327.25
20050803 6455.57
20050811 6353.71
20050818 6205.09
20050825 6109.66
20050902 6116.05
20050909 6119.06
20050916 6031.24
20050923 5925.54
20050930 6118.61
20051007 6081.84
20051017 5826.27
20051024 5717.28
20051031 5764.3
20051107 5860.39
20051114 6083.62
20051121 6103.42
20051128 6203.84
20051205 6348.31
20051212 6266.29
20051219 6431.42
20051226 6534.77
20060102 6462.06
20060109 6742.39
20060116 6724.18
20060123 6381.97
20060207 6720.08
20060214 6612.97
20060221 6631.51
20060301 6613.39
20060308 6459.57
20060315 6518.7
20060322 6391.26
20060329 6498.03
20060406 6760.82
20060413 6855.74
20060420 7102.74
20060427 7136.21
20060505 7370.44
20060512 7278.96
20060519 7074.15
20060526 6879.51
20060605 6715.27
20060612 6442.9
20060619 6583.04
20060626 6523.68
20060703 6718.5
20060710 6682.46
20060717 6257.8
20060724 6359.63
20060731 6454.58
20060807 6416.61
20060814 6611.9
20060821 6505.92
20060828 6444.76
20060904 6750.78
20060911 6693.88
20060918 6882.48
20060925 6911.21
20061002 6960.95
20061012 6984.58
20061018 7017.6
20061025 7059.89
20061101 7013.99
20061108 7178.34
20061115 7236.85
20061122 7348.77
20061129 7474.19
20061206 7693.33
20061213 7450.3
20061220 7648.35
20061227 7733.18
20070104 7934.51
20070111 7618.55
20070118 7895.18
20070125 7923.77
20070201 7701.54
20070208 7842.22
20070226 7900.2
20070305 7344.56
20070312 7629.15
20070319 7737.46
20070326 7877.82
20070402 7884.99
20070411 8084.45
20070417 7959.29
20070424 8045.01
20070502 7903.04
20070509 8052.7
20070516 7988.57
20070523 8221.79
20070530 8147.34
20070606 8314.68
20070613 8346.39
20070622 8846.39
20070628 8892.83
20070705 9148.78
20070712 9354.41
20070719 9473.31
20070726 9566.42
20070802 8950.57
20070809 9182.6
20070816 8201.37
20070823 8732.84
20070830 8771.21
20070906 9017.08
20070913 8927.42
20070921 9105.28
20071001 9488.5
20071008 9717.17
20071016 9592.47
20071023 9502.39
20071030 9757.93
20071106 9292.8
20071113 8727.21
20071120 8680.86
20071127 8375.76
20071204 8651.28
20071211 8638.33
20071218 7807.39
20071225 8167.07
20080102 8323.05
20080109 8085.06
20080116 8179.54
20080123 7408.4
20080130 7543.5
20080214 7865.28
20080221 8085.93
20080229 8412.76
20080307 8531.38
20080314 8161.39
20080321 8524.99
20080328 8623.48
20080407 8729.79
20080414 8892.68
20080421 9083.32
20080428 9079.6
20080506 8857.37
20080513 8989.53
20080520 9068.89
20080527 8778.39
20080603 8579.43
20080610 8370
20080617 8201.79
20080624 7738.12
20080701 7407.98
20080708 7051.85
20080715 6834.24
20080722 7065.65
20080730 7070.35
20080806 7026.24
20080813 7292.34
20080820 7040.9
20080827 7080.97
20080903 6584.93
20080910 6458.01
20080917 5800.87
20080924 6132.6
20081002 5703.72
20081009 5130.71
20081017 4960.4
20081024 4579.62
20081031 4870.66
20081107 4742.33
20081114 4452.7
20081121 4171.1
20081128 4460.49
20081205 4225.07
20081212 4481.27
20081219 4694.52
20081226 4425.08
20090106 4727.26
20090112 4453.9
20090117 4366.1
20090203 4372.81
20090210 4526.1
20090217 4491.78
20090224 4430.18
20090303 4435.34
20090310 4671.02
20090317 5041.39
20090324 5242.18
20090331 5210.84
20090407 5576.85
20090414 5892.68
20090421 5881.41
20090428 5596.73
20090506 6566.7
20090513 6485.14
20090520 6703.62
20090527 6890.44
20090605 6767.1
20090611 6567.37
20090618 6144.53
20090625 6457.61
20090702 6667.53
20090709 6748.18
20090716 6780.3
20090723 6980.88
20090730 7027.11
20090806 6868.65
20090814 7069.51
20090821 6654.8
20090828 6809.86
20090904 7153.13
20090911 7337.14
20090918 7526.55
20090925 7345.22
20091002 7411.88
20091009 7571.96
20091016 7715.1
20091023 7649.28
20091030 7340.08
20091106 7463.05
20091113 7665.63
20091120 7682.97
20091127 7490.91
20091204 7650.91
20091211 7795.07
20091218 7753.63
20091225 7972.59
20100104 8207.85
20100111 8323.82
20100118 8337.82
20100125 7872.99
20100201 7524.67
20100206 7212.87
20100223 7597.44
20100302 7597.62
20100309 7770.59
20100316 7695.63
20100323 7811.87
20100330 7962.22
20100407 8121.78
20100414 8097.13
20100421 7990.53
20100428 8081.55
20100505 7696.9
20100512 7602.7
20100519 7559.16
20100526 7167.35
20100602 7195.71
20100609 7071.67
20100617 7515.78
20100624 7589.89
20100701 7254.06
20100708 7608.85
20100715 7704.52
20100722 7666.34
20100729 7798.99
20100805 7936.85
20100812 7829.79
20100819 7928.94
20100826 7689.74
20100902 7720.82
20100909 7835.54
20100916 8099.75
20100924 8166.62
20101001 8244.18
20101008 8244.19
20101015 8205.3
20101022 8168.06
20101029 8287.09
20101105 8449.34
20101112 8316.05
20101119 8306.12
20101126 8312.15
20101203 8624.01
20101210 8718.83
20101217 8817.9
20101224 8861.1
20101231 8972.5
20110107 8782.72
20110114 8972.51
20110121 8954.38
20110128 9145.35
20110214 8685.47
20110221 8839.22
20110301 8727.56
20110308 8747.75
20110315 8234.78
20110322 8508.04
20110329 8596.57
20110407 8901.72
20110414 8802.73
20110421 8957.65
20110428 9040.77
20110506 8977.23
20110513 9006.61
20110520 8837.03
20110527 8810
20110603 9046.28
20110613 8712.95
20110620 8530.68
20110627 8500.16
20110704 8774.72
20110711 8665.85
20110718 8538.57
20110725 8683.51
20110801 8701.38
20110808 7552.8
20110815 7819.39
20110822 7312.59
20110829 7578.01
20110905 7551.57
20110913 7391.37
20110920 7492.85
20110927 7089.95
20111004 7047.87
20111012 7382.35
20111019 7353.37
20111026 7535.82
20111102 7598.45
20111109 7561.86
20111116 7387.52
20111123 6806.43
20111130 6904.12
20111207 7033
20111214 6922.57
20111221 6966.48
20111228 7056.67
20120104 7082.97
20120111 7188.21
20120118 7233.69
20120203 7674.99
20120209 7910.78
20120216 7869.7
20120223 7937.3
20120303 8114.44
20120309 8016.01
20120316 8054.94
20120323 8076.61
20120330 7933
20120409 7600.87
20120416 7729.86
20120423 7481.09
20120430 7501.72
20120508 7545.71
20120515 7395.64
20120522 7274.89
20120529 7342.29
20120605 7000.45
20120612 7072.08
20120619 7273.13
20120626 7137.93
20120703 7418.36
20120710 7251.35
20120717 7127
20120724 7008.35
20120731 7270.49
20120808 7319.8
20120815 7467.74
20120822 7496.58
20120829 7391.15
20120905 7367.44
20120912 7570.45
20120919 7781.91
20120926 7669.63
20121003 7684.63
20121011 7451.72
20121018 7465.41
20121025 7262.08
20121101 7179.64
20121108 7242.63
20121115 7143.84
20121122 7105.76
20121129 7503.55
20121206 7623.26
20121213 7757.09
20121220 7595.46
20121226 7634.19
20130104 7805.99
20130111 7819.15
20130118 7732.87
20130125 7672.58
20130201 7855.97
20130219 7960.88
20130225 7947.68
20130305 7932.71
20130312 7994.71
20130319 7838.47
20130326 7856.36
20130402 7913.18
20130411 7857.98
20130418 7791.35
20130425 8021.75
20130503 8135.03
20130510 8280.26
20130517 8368.19
20130524 8209.78
20130531 8254.8
20130607 8095.2
20130617 7992.89
20130624 7758.03
20130701 8036
20130708 7886.34
20130715 8254.68
20130722 8105.45
20130729 8084.5
20130805 8138.63
20130812 7903.38
20130819 7900.21
20130827 7820.84
20130903 8088.37
20130910 8208.77
20130916 8255.34
20130925 8283.9
20131002 8216.52
20131009 8344.73
20131017 8374.68
20131024 8413.72
20131031 8450.06
20131107 8283.71
20131114 8134.91
20131121 8099.45
20131128 8362.43
20131205 8375.54
20131212 8361.33
20131219 8407.4
20131226 8485.89
20140103 8546.54
20140110 8529.35
20140117 8596
20140124 8598.31
20140210 8391.95
20140217 8519.55
20140224 8560.61
20140304 8554.54
20140311 8702.33
20140318 8731.94
20140325 8689.3
20140401 8873.15
20140409 8930.57
20140416 8923.82
20140423 8956.92
20140430 8791.44
20140508 8930.9
20140515 8880.65
20140522 8969.63
20140529 9109
20140606 9134.46
20140613 9196.39
20140620 9273.79
20140627 9306.83
20140704 9510.05
20140711 9495.84
20140718 9400.97
20140728 9420.18
20140804 9330.19
20140811 9172.91
20140818 9141.31
20140825 9390.62
20140901 9513.06
20140909 9434.77
20140916 9133.4
20140923 9084.9
20140930 8966.92
20141007 9040.81
20141015 8655.51
20141022 8748.83
20141029 8903.68
20141105 8962.6
20141112 8918.95
20141119 8963.24
20141126 9122.39
20141203 9175.26
20141210 9032.16
20141217 8828.36
20141224 9186.18
20141230 9268.43
20150108 9238.03
20150115 9165.09
20150122 9369.51
20150129 9426.9
20150205 9512.05
20150212 9496.31
20150302 9601.36
20150309 9562.98
20150316 9512.91
20150323 9758.09
20150330 9521.87
20150408 9571.97
20150415 9540.06
20150422 9613
20150429 9853.83
20150507 9704.11
20150514 9610.83
20150521 9578.56
20150528 9712.84
20150604 9348.63
20150611 9302.49
20150618 9218.37
20150626 9462.57
20150703 9358.23
20150713 9033.92
20150720 8975
20150727 8556.68
20150803 8524.41
20150810 8466.84
20150817 8213.42
20150824 7410.34
20150831 8174.92
20150907 7986.56
20150914 8307.29
20150921 8307.04
20150930 8181.24
20151007 8495.23
20151015 8601.52
20151022 8608.46
20151029 8571.08
20151105 8850.18
20151112 8428.09
20151119 8477.2
20151126 8484.9
20151203 8456.06
20151210 8216.17
20151217 8319.67
20151224 8324.36
20151231 8338.06
20160108 7893.97
20160115 7762.01
20160122 7756.18
20160129 8080.6
20160215 8066.51
20160222 8326.68
20160301 8485.69
20160308 8664.31
20160315 8611.18
20160322 8785.68
20160329 8617.35
20160407 8490.25
20160414 8667.71
20160421 8568.65
20160428 8473.87
20160506 8146.43
20160513 8053.69
20160520 8131.26
20160527 8463.61
20160603 8587.36
20160613 8536.22
20160620 8625.92
20160627 8458.87
20160704 8760.58
20160712 8841.46
20160719 9034.87
20160726 9024.79
20160802 9068.76
20160809 9155.08
20160816 9110.36
20160823 9030.93
20160830 9110.56
20160906 9181.85
20160912 8947.06
20160921 9228.5
20160930 9166.85
20161007 9265.81
20161017 9176.22
20161024 9322.5
20161031 9290.12
20161107 9189.84
20161114 8940.4
20161121 9041.11
20161128 9222.24
20161205 9160.66
20170106 9372.22
20170113 9378.83
20170120 9331.46
20170206 9538.01
20170213 9710.32
20170218 9779.92
20170224 9750.47
20170307 9738.07
20170314 9744.21
20170321 9972.49
20170328 9876.45
20170406 9897.8
20170413 9836.68
20170420 9632.69
20170427 9860.62
20170505 9899.94
20170512 9986.82
20170519 9947.62
8: 
19990112 3.43702
19990118 0.209932
19990125 -5.3948
19990130 -0.578301
19990205 -8.72794
19990220 10.9144
19990226 4.05429
19990305 1.02191
19990311 0.841441
19990318 7.1186
19990324 -0.0810709
19990331 -0.111761
19990407 3.69341
19990414 3.68223
19990420 3.09638
19990427 -1.01748
19990504 0.502113
19990511 -1.49696
19990517 1.67651
19990524 -0.151712
19990529 -2.22094
19990604 2.30117
19990610 5.35305
19990617 3.47141
19990625 -0.101523
19990703 3.60018
19990709 -0.155079
19990716 -13.3176
19990722 3.60368
19990729 -4.15827
19990804 -3.3776
19990810 2.23323
19990817 11.195
19990823 0.452157
19990830 -0.598771
19990904 -0.0774343
19990910 1.19465
19990917 -2.99628
19990929 -3.80792
19991005 -0.767393
19991012 3.68347
19991018 -1.15005
19991025 -0.831343
19991030 2.26511
19991105 -4.66706
19991111 0.587058
19991119 3.16759
19991125 1.7208
19991202 -1.24321
19991208 0.06098
19991215 0.625656
19991221 0.946192
19991228 6.48555
20000110 7.73786
20000115 0.975221
20000121 0.70251
20000128 4.76418
20000210 3.72036
20000217 1.43702
20000223 -5.48843
20000302 -1.02092
20000308 -1.61707
20000315 -7.9819
20000322 4.96942
20000329 8.11853
20000406 1.66832
20000412 -0.58069
20000418 -6.09763
20000425 -4.14644
20000502 -3.16519
20000508 -0.261268
20000515 -1.75438
20000520 4.19763
20000526 -2.95782
20000602 3.78517
20000609 1.72467
20000616 -2.26311
20000622 -0.683648
20000629 -7.42016
20000706 2.07489
20000713 -0.262136
20000719 1.74438
20000726 -5.35362
20000801 0.290269
20000807 -3.3647
20000814 1.72214
20000819 4.5892
20000828 -4.42438
20000902 -1.76246
20000908 -4.40604
20000916 -4.27118
20000922 -6.25524
20000929 -2.7182
20001005 -6.26069
20001012 -3.72559
20001019 -12.4673
20001025 18.5485
20001101 -9.93993
20001107 8.34559
20001114 -1.79082
20001120 -16.0641
20001127 12.1475
20001202 -2.87884
20001208 -0.464627
20001215 -0.534756
20001221 -7.79981
20001229 -1.52121
20010105 11.6273
20010112 0.828437
20010129 6.38012
20010205 4.44291
20010212 -1.43871
20010219 1.54317
20010226 -3.72694
20010306 -1.41637
20010313 -0.43762
20010320 0.575722
20010327 4.28217
20010403 -7.43518
20010411 0.384264
20010418 0.747288
20010425 0.13779
20010503 -2.00609
20010510 -5.24222
20010517 0.415254
20010524 1.62051
20010531 -3.4042
20010607 2.06958
20010614 -0.662873
20010621 -2.62366
20010629 -2.03515
20010706 -3.61263
20010713 -4.70213
20010720 -5.91549
20010727 2.37564
20010806 3.47499
20010813 1.11905
20010820 0.654759
20010827 -3.64389
20010903 1.60154
20010910 -3.71893
20010920 -13.7619
20010927 -3.54733
20011005 0.499774
20011015 3.55213
20011022 5.05815
20011029 4.21676
20011105 0.379078
20011112 2.25756
20011119 9.0111
20011126 1.31226
20011203 0.830889
20011210 14.5196
20011217 2.53454
20011224 -5.34113
20011231 7.48365
20020108 4.66274
20020115 -3.74074
20020122 3.77918
20020129 0.725174
20020205 -0.033183
20020221 -3.2194
20020301 0.436338
20020308 5.82438
20020315 -1.00138
20020322 3.17519
20020329 0.440528
20020408 0.378759
20020415 0.0835093
20020422 4.29793
20020429 -3.98016
20020507 -8.72042
20020514 1.62324
20020521 -5.43336
20020528 4.15841
20020604 -2.49985
20020611 -2.2139
20020618 2.42349
20020625 -3.98055
20020702 -6.03758
20020709 7.87655
20020716 -1.30853
20020723 -2.9857
20020730 -2.98862
20020806 -8.64508
20020813 5.37098
20020820 2.10318
20020827 -0.821458
20020903 -5.96022
20020911 1.57953
20020918 -3.81673
20020925 -6.61885
20021002 -0.339001
20021009 -5.37302
20021017 8.44055
20021024 6.86762
20021031 0.0948748
20021107 3.90553
20021114 -1.94242
20021121 -1.84565
20021128 0.723884
20021205 3.09586
20021212 -1.80216
20021219 -2.57983
20021226 0.398752
20030103 1.29067
20030110 4.85224
20030117 1.17465
20030124 3.047
20030210 -8.17527
20030217 1.31808
20030224 -2.03779
20030304 -2.37591
20030311 -5.31681
20030318 6.55494
20030325 -0.900719
20030401 -3.5836
20030408 4.95297
20030415 -1.42474
20030422 1.52666
20030429 -7.80888
20030507 1.79963
20030514 1.52459
20030521 -2.86701
20030528 6.11316
20030605 5.89865
20030612 2.95653
20030619 3.49457
20030626 -3.068
20030703 4.1132
20030710 3.67141
20030717 0.324283
20030724 1.94811
20030731 -1.56236
20030807 -1.11445
20030814 3.37855
20030821 3.22086
20030828 -1.58129
20030904 1.85601
20030912 0.349292
20030919 1.99512
20030926 -1.87221
20031003 1.72882
20031013 3.90898
20031020 1.7651
20031027 -1.96352
20031103 2.16328
20031110 -0.466869
20031117 -1.76117
20031124 -2.19645
20031201 0.83465
20031208 -0.392153
20031215 1.31843
20031222 -1.5045
20031229 -0.517895
20040106 5.84196
20040113 1.07764
20040128 2.83452
20040204 -2.26831
20040211 3.4127
20040218 2.34662
20040225 0.581752
20040303 4.3329
20040310 -0.826001
20040317 -4.31904
20040324 -5.54
20040331 4.96704
20040407 1.90964
20040414 3.5121
20040421 -1.0164
20040428 -3.45802
20040505 -10.9589
20040512 1.78606
20040519 -1.64815
20040526 2.84426
20040602 -2.51524
20040609 1.53226
20040616 -6.79786
20040624 3.93747
20040701 1.00051
20040708 -2.11619
20040715 -2.9858
20040722 -2.79353
20040729 -0.710841
20040805 1.4571
20040812 -1.0979
20040819 4.37722
20040830 3.31876
20040906 -0.223697
20040913 2.63557
20040920 -1.07419
20040927 -0.261228
20041005 3.96274
20041012 -1.6683
20041019 -2.87262
20041027 -2.70016
20041103 3.74944
20041110 1.46073
20041117 1.34807
20041124 -1.94686
20041201 -1.90634
20041208 1.61917
20041215 1.86797
20041222 -0.01766
20041229 1.44914
20050105 -1.64442
20050112 -1.82504
20050119 0.276744
20050126 -1.01741
20050202 3.14153
20050217 0.888403
20050224 0.925201
20050304 1.06522
20050311 0.171303
20050318 -2.5834
20050325 0.363338
20050401 -0.612606
20050411 -0.818247
20050418 -4.41949
20050425 0.755008
20050503 1.04041
20050510 2.26151
20050517 -0.937679
20050524 0.256028
20050531 1.73394
20050607 1.56748
20050614 1.63729
20050621 1.1715
20050628 0.611295
20050705 -1.34244
20050712 2.03417
20050720 1.0222
20050727 -1.50316
20050803 2.02805
20050811 -1.57786
20050818 -2.33911
20050825 -1.53793
20050902 0.104583
20050909 0.0492189
20050916 -1.43518
20050923 -1.75254
20050930 3.25827
20051007 -0.600954
20051017 -4.20218
20051024 -1.87067
20051031 0.822419
20051107 1.66699
20051114 3.80913
20051121 0.325461
20051128 1.64531
20051205 2.32872
20051212 -1.292
20051219 2.63521
20051226 1.60696
20060102 -1.11266
20060109 4.33809
20060116 -0.270082
20060123 -5.08924
20060207 5.29789
20060214 -1.59388
20060221 0.280351
20060301 -0.273235
20060308 -2.32589
20060315 0.915392
20060322 -1.955
20060329 1.67056
20060406 4.04415
20060413 1.40398
20060420 3.60282
20060427 0.471223
20060505 3.28227
20060512 -1.24117
20060519 -2.81373
20060526 -2.75143
20060605 -2.38738
20060612 -4.05598
20060619 2.17511
20060626 -0.901709
20060703 2.98635
20060710 -0.53643
20060717 -6.35485
20060724 1.62725
20060731 1.49301
20060807 -0.588268
20060814 3.04351
20060821 -1.60287
20060828 -0.940069
20060904 4.74835
20060911 -0.842864
20060918 2.8175
20060925 0.417436
20061002 0.719704
20061012 0.339463
20061018 0.472756
20061025 0.602628
20061101 -0.65015
20061108 2.34317
20061115 0.815095
20061122 1.54653
20061129 1.70668
20061206 2.93196
20061213 -3.15897
20061220 2.65829
20061227 1.10913
20070104 2.60345
20070111 -3.9821
20070118 3.63101
20070125 0.362118
20070201 -2.8046
20070208 1.82665
20070226 0.739331
20070305 -7.03324
20070312 3.87484
20070319 1.41969
20070326 1.81403
20070402 0.0910202
20070411 2.52962
20070417 -1.54816
20070424 1.07698
20070502 -1.76469
20070509 1.8937
20070516 -0.796383
20070523 2.91942
20070530 -0.905523
20070606 2.05392
20070613 0.381373
20070622 5.99061
20070628 0.524965
20070705 2.87816
20070712 2.24762
20070719 1.27105
20070726 0.98287
20070802 -6.43762
20070809 2.59234
20070816 -10.6857
20070823 6.48026
20070830 0.439377
20070906 2.80315
20070913 -0.994337
20070921 1.99229
20071001 4.20876
20071008 2.40997
20071016 -1.2833
20071023 -0.939071
20071030 2.68922
20071106 -4.76669
20071113 -6.08632
20071120 -0.531093
20071127 -3.51464
20071204 3.2895
20071211 -0.149691
20071218 -9.61922
20071225 4.60691
20080102 1.90986
20080109 -2.85941
20080116 1.16857
20080123 -9.42767
20080130 1.82361
20080214 4.26566
20080221 2.80537
20080229 4.04195
20080307 1.41
20080314 -4.33681
20080321 4.45512
20080328 1.15531
20080407 1.23279
20080414 1.86591
20080421 2.14379
20080428 -0.0409619
20080506 -2.44757
20080513 1.49209
20080520 0.882798
20080527 -3.20326
20080603 -2.26647
20080610 -2.44107
20080617 -2.00968
20080624 -5.65328
20080701 -4.26641
20080708 -4.80738
20080715 -3.08585
20080722 3.38603
20080730 0.0665218
20080806 -0.623871
20080813 3.78723
20080820 -3.448
20080827 0.569108
20080903 -7.00526
20080910 -1.92744
20080917 -10.1756
20080924 5.71862
20081002 -6.99344
20081009 -10.0463
20081017 -3.31942
20081024 -7.67639
20081031 6.35511
20081107 -2.63476
20081114 -6.10733
20081121 -6.32425
20081128 6.93798
20081205 -5.2779
20081212 6.06381
20081219 4.7587
20081226 -5.73946
20090106 6.8288
20090112 -5.78263
20090117 -1.9713
20090203 0.153683
20090210 3.50553
20090217 -0.758276
20090224 -1.37139
20090303 0.116466
20090310 5.31369
20090317 7.92911
20090324 3.98283
20090331 -0.597849
20090407 7.02402
20090414 5.66323
20090421 -0.191255
20090428 -4.84034
20090506 17.331
20090513 -1.24203
20090520 3.36893
20090527 2.78685
20090605 -1.79001
20090611 -2.95149
20090618 -6.4385
20090625 5.09527
20090702 3.25074
20090709 1.2096
20090716 0.475975
20090723 2.95828
20090730 0.662237
20090806 -2.25498
20090814 2.9243
20090821 -5.86618
20090828 2.33005
20090904 5.04078
20090911 2.57244
20090918 2.58152
20090925 -2.4092
20091002 0.907524
20091009 2.15978
20091016 1.8904
20091023 -0.853136
20091030 -4.04221
20091106 1.67532
20091113 2.71444
20091120 0.226209
20091127 -2.49982
20091204 2.13592
20091211 1.88422
20091218 -0.531617
20091225 2.82397
20100104 2.95086
20100111 1.41292
20100118 0.168192
20100125 -5.57496
20100201 -4.42424
20100206 -4.1437
20100223 5.33172
20100302 0.00237153
20100309 2.27663
20100316 -0.964662
20100323 1.51047
20100330 1.92464
20100407 2.00396
20100414 -0.303504
20100421 -1.31652
20100428 1.1391
20100505 -4.75961
20100512 -1.22387
20100519 -0.572692
20100526 -5.18325
20100602 0.395681
20100609 -1.72381
20100617 6.28013
20100624 0.986063
20100701 -4.4247
20100708 4.89092
20100715 1.25735
20100722 -0.495556
20100729 1.7303
20100805 1.76766
20100812 -1.3489
20100819 1.26632
20100826 -3.01679
20100902 0.40417
20100909 1.48586
20100916 3.37194
20100924 0.825582
20101001 0.949714
20101008 0.0001303
20101015 -0.471734
20101022 -0.45385
20101029 1.45726
20101105 1.95786
20101112 -1.57752
20101119 -0.119404
20101126 0.0726004
20101203 3.75185
20101210 1.09949
20101217 1.13628
20101224 0.489904
20101231 1.25718
20110107 -2.11513
20110114 2.16095
20110121 -0.20206
20110128 2.1327
20110214 -5.02857
20110221 1.7702
20110301 -1.26324
20110308 0.231341
20110315 -5.86402
20110322 3.31836
20110329 1.04055
20110407 3.54966
20110414 -1.11202
20110421 1.75991
20110428 0.927912
20110506 -0.702806
20110513 0.327271
20110520 -1.88284
20110527 -0.305875
20110603 2.68196
20110613 -3.68472
20110620 -2.09195
20110627 -0.357762
20110704 3.23005
20110711 -1.24072
20110718 -1.46875
20110725 1.69747
20110801 0.205794
20110808 -13.2
20110815 3.52969
20110822 -6.48133
20110829 3.62963
20110905 -0.348904
20110913 -2.12141
20110920 1.37295
20110927 -5.37712
20111004 -0.593517
20111012 4.74583
20111019 -0.392558
20111026 2.48117
20111102 0.831102
20111109 -0.48155
20111116 -2.30552
20111123 -7.86583
20111130 1.43526
20111207 1.86671
20111214 -1.57017
20111221 0.634304
20111228 1.29463
20120104 0.372701
20120111 1.48581
20120118 0.632702
20120203 6.10062
20120209 3.07218
20120216 -0.519286
20120223 0.858986
20120303 2.23174
20120309 -1.21302
20120316 0.485655
20120323 0.269026
20120330 -1.7781
20120409 -4.18669
20120416 1.69704
20120423 -3.2183
20120430 0.275767
20120508 0.586395
20120515 -1.98881
20120522 -1.63272
20120529 0.926473
20120605 -4.65577
20120612 1.02322
20120619 2.84287
20120626 -1.85889
20120703 3.92873
20120710 -2.2513
20120717 -1.71485
20120724 -1.66479
20120731 3.7404
20120808 0.678215
20120815 2.0211
20120822 0.386192
20120829 -1.40638
20120905 -0.320789
20120912 2.75551
20120919 2.79323
20120926 -1.44284
20121003 0.195577
20121011 -3.03085
20121018 0.183715
20121025 -2.72363
20121101 -1.13521
20121108 0.877338
20121115 -1.36401
20121122 -0.533048
20121129 5.59814
20121206 1.59538
20121213 1.75555
20121220 -2.08364
20121226 0.50991
20130104 2.25041
20130111 0.168584
20130118 -1.10344
20130125 -0.779659
20130201 2.3902
20130219 1.33541
20130225 -0.165807
20130305 -0.18836
20130312 0.781574
20130319 -1.95429
20130326 0.228229
20130402 0.72324
20130411 -0.697573
20130418 -0.847926
20130425 2.95712
20130503 1.41216
20130510 1.78524
20130517 1.06193
20130524 -1.893
20130531 0.548365
20130607 -1.93342
20130617 -1.26384
20130624 -2.93837
20130701 3.583
20130708 -1.86237
20130715 4.67061
20130722 -1.80782
20130729 -0.25847
20130805 0.669551
20130812 -2.89054
20130819 -0.0401084
20130827 -1.00466
20130903 3.42074
20130910 1.48855
20130916 0.567324
20130925 0.345965
20131002 -0.813395
20131009 1.5604
20131017 0.3589
20131024 0.466168
20131031 0.431912
20131107 -1.96862
20131114 -1.79629
20131121 -0.435899
20131128 3.24688
20131205 0.156777
20131212 -0.16966
20131219 0.550993
20131226 0.933573
20140103 0.71472
20140110 -0.201139
20140117 0.781424
20140124 0.026868
20140210 -2.4
20140217 1.5205
20140224 0.481957
20140304 -0.0709098
20140311 1.72762
20140318 0.340258
20140325 -0.488329
20140401 2.11583
20140409 0.64712
20140416 -0.0755831
20140423 0.370913
20140430 -1.8475
20140508 1.58632
20140515 -0.562653
20140522 1.00195
20140529 1.5538
20140606 0.279503
20140613 0.677979
20140620 0.841639
20140627 0.356273
20140704 2.18355
20140711 -0.14942
20140718 -0.99907
20140728 0.20434
20140804 -0.955282
20140811 -1.68571
20140818 -0.344499
20140825 2.7273
20140901 1.30385
20140909 -0.822974
20140916 -3.19424
20140923 -0.531018
20140930 -1.29864
20141007 0.824025
20141015 -4.26178
20141022 1.07816
20141029 1.76995
20141105 0.661748
20141112 -0.487017
20141119 0.496584
20141126 1.77558
20141203 0.579564
20141210 -1.55962
20141217 -2.25638
20141224 4.05307
20141230 0.895367
20150108 -0.327989
20150115 -0.789567
20150122 2.23042
20150129 0.612525
20150205 0.90326
20150212 -0.165477
20150302 1.10623
20150309 -0.399734
20150316 -0.523585
20150323 2.57734
20150330 -2.42076
20150408 0.526153
20150415 -0.333371
20150422 0.76457
20150429 2.50525
20150507 -1.51941
20150514 -0.961245
20150521 -0.335772
20150528 1.40188
20150604 -3.74978
20150611 -0.493544
20150618 -0.904275
20150626 2.64906
20150703 -1.10266
20150713 -3.46551
20150720 -0.652208
20150727 -4.66095
20150803 -0.377127
20150810 -0.675358
20150817 -2.99309
20150824 -9.77766
20150831 10.3177
20150907 -2.30412
20150914 4.01587
20150921 -0.0030094
20150930 -1.51438
20151007 3.83793
20151015 1.25116
20151022 0.0806884
20151029 -0.434223
20151105 3.25629
20151112 -4.76928
20151119 0.582698
20151126 0.0908342
20151203 -0.339908
20151210 -2.8369
20151217 1.25971
20151224 0.0563776
20151231 0.164568
20160108 -5.32605
20160115 -1.67166
20160122 -0.0751041
20160129 4.18273
20160215 -0.174372
20160222 3.22531
20160301 1.90965
20160308 2.10495
20160315 -0.613204
20160322 2.02644
20160329 -1.91596
20160407 -1.47493
20160414 2.09016
20160421 -1.14286
20160428 -1.10613
20160506 -3.86411
20160513 -1.13842
20160520 0.963159
20160527 4.08732
20160603 1.46214
20160613 -0.595534
20160620 1.05082
20160627 -1.9366
20160704 3.56679
20160712 0.923225
20160719 2.18754
20160726 -0.111569
20160802 0.487211
20160809 0.951843
20160816 -0.488469
20160823 -0.871872
20160830 0.881746
20160906 0.782499
20160912 -2.55711
20160921 3.14562
20160930 -0.668043
20161007 1.07954
20161017 -0.966886
20161024 1.59412
20161031 -0.34733
20161107 -1.07943
20161114 -2.7143
20161121 1.12646
20161128 2.0034
20161205 -0.667734
20170106 2.30944
20170113 0.0705313
20170120 -0.505075
20170206 2.21348
20170213 1.80657
20170218 0.716759
20170224 -0.301129
20170307 -0.127167
20170314 0.0630479
20170321 2.34273
20170328 -0.96305
20170406 0.216167
20170413 -0.617512
20170420 -2.07376
20170427 2.36621
20170505 0.398761
20170512 0.87758
20170519 -0.392519
5Max: 18.5485
5Min: -16.0641
9: 
19990112 -1.02107
19990118 -0.91545
19990125 -1.78292
19990130 0.821414
19990205 -0.576763
19990220 0.525782
19990226 0.98645
19990305 -0.671004
19990311 -1.46921
19990318 0.881812
19990324 0.17346
19990331 -0.0158343
19990407 -0.760436
19990414 0.108787
19990420 0.624639
19990427 -1.49118
19990504 2.07869
19990511 -0.741273
19990517 -0.361072
19990524 -0.543664
19990529 -0.370468
19990604 -0.298299
19990610 0.0394053
19990617 1.45817
19990625 -2.39883
19990703 -1.05788
19990709 -0.859312
19990716 -7.20747
19990722 -0.836194
19990729 -2.0459
19990804 -0.978687
19990810 3.09544
19990817 0.963371
19990823 -0.597275
19990830 0.205216
19990904 -1.49472
19990910 0.941209
19990917 -0.886613
19990929 1.33019
19991005 -2.41112
19991012 2.31334
19991018 -0.762864
19991025 1.2813
19991030 0.9822
19991105 0.289687
19991111 0.900604
19991119 -0.210475
19991125 -0.191301
19991202 0.0439544
19991208 -0.202254
19991215 0.352776
19991221 1.67005
19991228 -0.0340745
20000110 2.0631
20000115 0.389153
20000121 0.932677
20000128 1.00474
20000210 0.492488
20000217 1.1131
20000223 -0.985097
20000302 -2.18569
20000308 -0.140491
20000315 -1.7542
20000322 0.667532
20000329 -0.474906
20000406 -2.50826
20000412 -1.54838
20000418 0.93342
20000425 2.40413
20000502 -2.24153
20000508 -0.614686
20000515 -2.02456
20000520 -2.99995
20000526 1.93462
20000602 -1.07274
20000609 -0.838468
20000616 -0.227849
20000622 1.72054
20000629 -3.71133
20000706 -0.022673
20000713 2.05249
20000719 1.64824
20000726 0.209444
20000801 -2.28756
20000807 -1.12775
20000814 -1.61142
20000819 0.168638
20000828 -1.74793
20000902 3.56365
20000908 -1.20503
20000916 -0.608754
20000922 -1.86196
20000929 -2.11912
20001005 1.63262
20001012 -0.77347
20001019 -3.43334
20001025 1.8499
20001101 -2.29238
20001107 2.72446
20001114 0.44388
20001120 -2.99356
20001127 -1.39762
20001202 -1.30131
20001208 0.699151
20001215 -0.596444
20001221 -0.36278
20001229 -1.10776
20010105 2.76576
20010112 -1.20181
20010129 -2.91658
20010205 -1.33075
20010212 0.679453
20010219 0.272237
20010226 -0.533004
20010306 -0.959289
20010313 1.82602
20010320 -0.884405
20010327 -1.00237
20010403 -1.36129
20010411 -0.0533741
20010418 0.531797
20010425 -1.39412
20010503 2.22818
20010510 -1.79041
20010517 0.610496
20010524 0.633823
20010531 0.676573
20010607 -0.373884
20010614 -1.16249
20010621 -1.17601
20010629 0.593871
20010706 0.786673
20010713 -4.87028
20010720 0.545815
20010727 -0.481411
20010806 -0.823229
20010813 0.633976
20010820 0.669003
20010827 0.740061
20010903 -1.44314
20010910 0.813733
20010920 0.133468
20010927 -0.534742
20011005 2.37239
20011015 -0.317877
20011022 0.877238
20011029 -0.412545
20011105 1.63821
20011112 1.13015
20011119 2.00116
20011126 1.04723
20011203 2.47531
20011210 -0.453277
20011217 -0.834057
20011224 0.625805
20011231 1.28023
20020108 -0.574982
20020115 0.180744
20020122 -1.0144
20020129 -2.69681
20020205 0.542774
20020221 -1.9128
20020301 0.154266
20020308 -1.08676
20020315 -1.82576
20020322 -0.142137
20020329 -1.55705
20020408 -0.221446
20020415 -0.490958
20020422 -0.125963
20020429 -0.627295
20020507 2.50991
20020514 -0.786345
20020521 -0.996726
20020528 -1.66558
20020604 1.54173
20020611 -2.37409
20020618 -1.57738
20020625 -1.91682
20020702 2.33471
20020709 0.669008
20020716 -2.27786
20020723 2.85259
20020730 0.664927
20020806 1.45897
20020813 -0.558717
20020820 -0.621211
20020827 -1.39354
20020903 -1.42002
20020911 -0.647002
20020918 -1.06993
20020925 -2.12882
20021002 -1.75218
20021009 -0.676811
20021017 2.34317
20021024 -0.794118
20021031 0.703966
20021107 0.0130349
20021114 -0.743953
20021121 -3.02008
20021128 -1.82991
20021205 0.643384
20021212 -0.931551
20021219 1.13603
20021226 1.26174
20030103 0.17495
20030110 -0.640507
20030117 -0.971766
20030124 -1.643
20030210 -1.12209
20030217 1.63104
20030224 0.510279
20030304 0.404774
20030311 -0.270828
20030318 0.774734
20030325 0.564875
20030401 1.4553
20030408 -0.148491
20030415 -0.146858
20030422 -1.43112
20030429 0.336576
20030507 0.528514
20030514 0.269786
20030521 -0.754117
20030528 -1.40279
20030605 -0.11889
20030612 0.654256
20030619 0.209798
20030626 -0.770683
20030703 -1.40387
20030710 -1.58309
20030717 -1.6701
20030724 1.46715
20030731 0.449896
20030807 0.0287161
20030814 -0.490342
20030821 1.18806
20030828 -1.31223
20030904 -0.979182
20030912 0.318617
20030919 -0.560753
20030926 -0.716239
20031003 0.542262
20031013 1.10476
20031020 0.60184
20031027 0.210726
20031103 0.547381
20031110 0.0972991
20031117 -0.988406
20031124 -0.409036
20031201 1.75915
20031208 -0.375015
20031215 0.225351
20031222 0.91697
20031229 -1.11055
20040106 -0.421559
20040113 -0.463844
20040128 0.401528
20040204 -0.480742
20040211 -0.978344
20040218 -0.754947
20040225 0.371465
20040303 -0.707152
20040310 -1.32407
20040317 -1.14946
20040324 -0.832785
20040331 -0.499779
20040407 0.0648868
20040414 1.59116
20040421 0.124968
20040428 -0.927472
20040505 -5.43814
20040512 -0.197134
20040519 2.99463
20040526 -1.16847
20040602 -0.54739
20040609 -0.107662
20040616 -2.83144
20040624 0.233104
20040701 -0.219327
20040708 -0.529781
20040715 -0.951918
20040722 1.63009
20040729 -0.531212
20040805 1.74333
20040812 0.345642
20040819 2.04547
20040830 -0.0505912
20040906 0.498498
20040913 0.179301
20040920 0.30444
20040927 -0.388279
20041005 -0.115637
20041012 -1.54624
20041019 -0.139619
20041027 -0.225814
20041103 1.75945
20041110 0.00185515
20041117 1.9026
20041124 0.725542
20041201 0.35583
20041208 -0.277718
20041215 1.20944
20041222 -0.118993
20041229 0.833868
20050105 -0.185018
20050112 -1.32295
20050119 -0.961594
20050126 0.342021
20050202 0.0392243
20050217 -0.759321
20050224 0.0775689
20050304 0.0355362
20050311 -0.345661
20050318 0.0781592
20050325 0.782884
20050401 0.300132
20050411 -0.696028
20050418 -1.62829
20050425 0.0881212
20050503 -0.460552
20050510 -0.39459
20050517 -0.76272
20050524 0.34387
20050531 0.211041
20050607 -0.62595
20050614 -0.621346
20050621 -0.410355
20050628 0.20908
20050705 -0.601931
20050712 0.336253
20050720 -0.223822
20050727 -0.57762
20050803 0.999575
20050811 -0.140039
20050818 -0.755399
20050825 0.101585
20050902 0.564641
20050909 -0.693624
20050916 -0.805069
20050923 -0.541308
20050930 1.07407
20051007 -0.150228
20051017 -2.73712
20051024 -0.764585
20051031 1.25562
20051107 -0.761507
20051114 0.286502
20051121 -0.446596
20051128 0.596064
20051205 1.0747
20051212 -0.100753
20051219 0.705567
20051226 -0.470628
20060102 0.068914
20060109 -0.143655
20060116 0.648123
20060123 -0.0612236
20060207 0.413306
20060214 0.910848
20060221 -1.14338
20060301 1.46349
20060308 -0.42392
20060315 0.039288
20060322 -0.439292
20060329 0.780582
20060406 0.533082
20060413 0.0810239
20060420 0.585726
20060427 -0.937568
20060505 -0.529174
20060512 0.124349
20060519 0.47909
20060526 -1.03931
20060605 -3.47144
20060612 0.917562
20060619 0.0986875
20060626 0.917027
20060703 -0.129771
20060710 1.09836
20060717 -2.26418
20060724 0.677552
20060731 -1.12818
20060807 -0.145976
20060814 0.355617
20060821 -3.12402
20060828 -1.07935
20060904 0.660105
20060911 -0.305018
20060918 1.44014
20060925 0.458303
20061002 0.774818
20061012 -0.685075
20061018 -0.062089
20061025 -0.564087
20061101 -0.313806
20061108 -0.311497
20061115 -0.242886
20061122 0.255938
20061129 -0.031433
20061206 0.766754
20061213 -0.397595
20061220 0.267571
20061227 -0.35961
20070104 0.0582559
20070111 -1.36651
20070118 0.546599
20070125 -0.737477
20070201 -0.641954
20070208 -0.422827
20070226 -0.493736
20070305 -2.92614
20070312 0.236495
20070319 -0.0271346
20070326 -0.00977357
20070402 -0.0403096
20070411 0.133524
20070417 -1.74456
20070424 0.414385
20070502 0.0288614
20070509 -0.486893
20070516 -0.00501179
20070523 -0.130461
20070530 -0.201747
20070606 -0.192541
20070613 -0.501885
20070622 -0.378385
20070628 -0.245217
20070705 0.380958
20070712 0.0798117
20070719 0.249635
20070726 -2.32127
20070802 -1.38319
20070809 -0.335054
20070816 -2.33255
20070823 0.384388
20070830 -0.126841
20070906 1.35343
20070913 -1.48847
20070921 0.960236
20071001 -0.372538
20071008 -0.202936
20071016 1.30522
20071023 0.87955
20071030 -0.977646
20071106 -0.341146
20071113 0.62272
20071120 2.32507
20071127 0.673935
20071204 1.09801
20071211 -0.121979
20071218 0.990844
20071225 0.0108943
20080102 -1.98456
20080109 3.09736
20080116 -1.28851
20080123 -3.89024
20080130 -0.799418
20080214 1.99482
20080221 1.29761
20080229 0.541498
20080307 -0.0686446
20080314 -1.58842
20080321 0.844977
20080328 0.367442
20080407 1.05526
20080414 0.171332
20080421 -0.80213
20080428 1.27005
20080506 0.0584027
20080513 1.06341
20080520 -2.58928
20080527 -0.0108231
20080603 -0.983656
20080610 -2.47018
20080617 0.237584
20080624 -1.90943
20080701 -1.60137
20080708 -3.06655
20080715 -2.68746
20080722 0.509401
20080730 -1.07607
20080806 1.22078
20080813 0.272941
20080820 1.63754
20080827 1.87157
20080903 -1.81813
20080910 0.965092
20080917 -2.56992
20080924 -0.0713687
20081002 -1.05404
20081009 -1.01709
20081017 -0.668633
20081024 -0.424206
20081031 3.46047
20081107 6.13798
20081114 -1.86736
20081121 5.25931
20081128 0.362709
20081205 0.284828
20081212 -2.60163
20081219 0.704253
20081226 0.603617
20090106 0.163569
20090112 -0.752734
20090117 -0.382393
20090203 1.68001
20090210 0.0453199
20090217 -1.77544
20090224 0.504316
20090303 1.62612
20090310 1.4134
20090317 0.849992
20090324 0.0840125
20090331 -0.0790057
20090407 1.43638
20090414 1.34597
20090421 3.8029
20090428 -2.57695
20090506 2.7725
20090513 0.553227
20090520 -0.0733382
20090527 1.32165
20090605 -0.858954
20090611 1.6838
20090618 -1.63795
20090625 0.462516
20090702 0.813605
20090709 0.768435
20090716 -1.21739
20090723 -0.098889
20090730 -0.514766
20090806 -0.262104
20090814 -0.314589
20090821 -1.92906
20090828 1.22543
20090904 -0.196873
20090911 0.508635
20090918 0.84626
20090925 0.641925
20091002 -0.0442374
20091009 -0.0109613
20091016 0.039812
20091023 -0.0308477
20091030 -1.19321
20091106 -0.709783
20091113 0.189514
20091120 -0.758875
20091127 -1.62192
20091204 -0.445405
20091211 1.1039
20091218 0.821669
20091225 -0.435968
20100104 -0.177202
20100111 0.389564
20100118 0.572235
20100125 0.352956
20100201 -1.68829
20100206 -0.439491
20100223 0.288027
20100302 -0.679772
20100309 0.105508
20100316 0.315714
20100323 -0.866104
20100330 -0.374117
20100407 -0.118308
20100414 0.23756
20100421 0.510315
20100428 1.72253
20100505 -0.802666
20100512 -0.791295
20100519 0.418991
20100526 0.083087
20100602 -0.787009
20100609 -1.31897
20100617 0.168725
20100624 -0.155624
20100701 -0.994011
20100708 -0.0507029
20100715 0.0653262
20100722 -0.428867
20100729 0.260325
20100805 -0.914096
20100812 0.517752
20100819 0.0436562
20100826 -0.691946
20100902 -0.566402
20100909 -0.83892
20100916 -0.918673
20100924 -0.189926
20101001 -0.180412
20101008 -0.747983
20101015 -0.140812
20101022 -0.0177453
20101029 -0.734271
20101105 0.0536457
20101112 -1.05159
20101119 -0.461853
20101126 -0.706215
20101203 -0.0795993
20101210 -0.250322
20101217 -0.114968
20101224 -0.555638
20101231 0.40722
20110107 -1.37593
20110114 -0.142789
20110121 0.213645
20110128 0.25421
20110214 0.21761
20110221 -0.3151
20110301 1.34431
20110308 0.640241
20110315 -3.04986
20110322 -0.178681
20110329 0.680802
20110407 0.189985
20110414 0.17047
20110421 0.726184
20110428 -0.530315
20110506 -0.227835
20110513 -0.364393
20110520 -1.20019
20110527 0.0421285
20110603 0.240901
20110613 -0.89539
20110620 -1.71066
20110627 0.517951
20110704 -0.30438
20110711 -0.956623
20110718 -0.135551
20110725 -0.926103
20110801 0.827467
20110808 -2.79037
20110815 0.646404
20110822 -0.491516
20110829 1.27076
20110905 -1.13029
20110913 -1.84103
20110920 0.0968526
20110927 0.83657
20111004 1.59472
20111012 -0.104329
20111019 -0.545866
20111026 1.31827
20111102 1.30537
20111109 -1.102
20111116 -1.77411
20111123 -2.31398
20111130 -1.39211
20111207 0.411466
20111214 0.145096
20111221 1.27715
20111228 -0.415323
20120104 -0.142387
20120111 -0.206718
20120118 -0.0255696
20120203 0.212962
20120209 0.603049
20120216 -1.42852
20120223 -0.559015
20120303 -0.0677345
20120309 0.0426819
20120316 -0.926657
20120323 0.107583
20120330 1.28673
20120409 0.173834
20120416 -0.225883
20120423 -0.10322
20120430 0.840142
20120508 -0.349308
20120515 0.912843
20120522 0.233264
20120529 2.26629
20120605 0.170711
20120612 0.506508
20120619 -0.18404
20120626 -0.102027
20120703 0.746801
20120710 -0.74475
20120717 0.994788
20120724 0.055824
20120731 1.82004
20120808 -0.160811
20120815 -0.294665
20120822 0.00947136
20120829 0.15814
20120905 -0.841061
20120912 0.688552
20120919 0.54771
20120926 -0.430237
20121003 -0.554516
20121011 -0.571878
20121018 -0.115863
20121025 -0.919843
20121101 0.527444
20121108 0.188545
20121115 0.165729
20121122 -0.155126
20121129 0.463515
20121206 -0.492241
20121213 0.562635
20121220 -0.662687
20121226 -0.161117
20130104 -0.157065
20130111 -0.311337
20130118 0.462375
20130125 -0.294596
20130201 0.0282695
20130219 -0.169543
20130225 -0.49068
20130305 0.281527
20130312 -0.55094
20130319 -0.0637473
20130326 -0.220231
20130402 0.202858
20130411 0.891047
20130418 0.126841
20130425 0.0794737
20130503 -0.275574
20130510 -0.0497336
20130517 -0.108261
20130524 -0.766688
20130531 -0.768981
20130607 -0.231083
20130617 0.493361
20130624 -0.390584
20130701 0.300174
20130708 -1.17505
20130715 0.934428
20130722 0.165847
20130729 -0.756679
20130805 0.424838
20130812 0.319357
20130819 -0.469171
20130827 -0.699477
20130903 -0.0900487
20130910 -0.102716
20130916 0.802602
20130925 0.00363105
20131002 0.00681077
20131009 -0.09003
20131017 -0.193069
20131024 0.589035
20131031 0.145771
20131107 -0.172927
20131114 -0.0357549
20131121 -1.20044
20131128 0.502116
20131205 -0.652275
20131212 -0.52691
20131219 0.0834573
20131226 0.214452
20140103 -0.444978
20140110 -0.348516
20140117 -0.376546
20140124 0.195996
20140210 -0.290738
20140217 -0.214109
20140224 -0.49979
20140304 -0.338321
20140311 0.0847631
20140318 -0.176504
20140325 1.16553
20140401 0.291732
20140409 0.203993
20140416 0.0308259
20140423 -0.584598
20140430 -1.0608
20140508 0.0637568
20140515 0.313235
20140522 0.784393
20140529 -0.158492
20140606 -0.363991
20140613 0.0398051
20140620 -0.606189
20140627 -0.107971
20140704 -0.166702
20140711 -0.688895
20140718 0.702594
20140728 0.0454476
20140804 0.537703
20140811 0.69244
20140818 -0.882829
20140825 -0.0278936
20140901 0.407935
20140909 -0.183769
20140916 -0.926897
20140923 -0.540706
20140930 0.137805
20141007 -0.274225
20141015 -1.29861
20141022 0.0448252
20141029 0.927584
20141105 -0.390766
20141112 -1.23121
20141119 0.754034
20141126 -0.0294839
20141203 1.12184
20141210 -0.912418
20141217 -1.48722
20141224 0.986087
20141230 -0.329816
20150108 0.917629
20150115 -0.350433
20150122 0.350229
20150129 -0.553412
20150205 0.0104114
20150212 -0.000843248
20150302 -0.659589
20150309 -0.562123
20150316 -0.736061
20150323 -0.0183408
20150330 -0.120731
20150408 -0.768195
20150415 -0.930877
20150422 0.663793
20150429 -0.815216
20150507 -0.875501
20150514 -1.22812
20150521 -0.714905
20150528 -0.294926
20150604 -1.97607
20150611 -0.305434
20150618 0.314814
20150626 -0.204387
20150703 -0.120279
20150713 0.974661
20150720 -1.21079
20150727 -2.02171
20150803 -1.29821
20150810 0.66832
20150817 -1.13724
20150824 -4.00654
20150831 1.8476
20150907 -0.052557
20150914 -0.303391
20150921 -1.15962
20150930 1.03852
20151007 1.15139
20151015 0.328221
20151022 0.0937116
20151029 -1.28418
20151105 -0.0965238
20151112 0.015784
20151119 1.13469
20151126 0.876695
20151203 0.374139
20151210 0.0231352
20151217 1.27882
20151224 -0.321389
20151231 0.777034
20160108 1.05963
20160115 -0.601745
20160122 0.351538
20160129 2.53554
20160215 1.12654
20160222 0.130951
20160301 1.24455
20160308 0.0976127
20160315 -1.53667
20160322 -0.230977
20160329 -0.802458
20160407 -0.387176
20160414 -0.198271
20160421 0.228219
20160428 -1.31653
20160506 -0.282878
20160513 -0.521747
20160520 0.278462
20160527 0.570614
20160603 0.258963
20160613 -1.13525
20160620 0.158613
20160627 0.625485
20160704 0.369599
20160712 0.531335
20160719 0.178187
20160726 0.459064
20160802 -0.135445
20160809 0.011799
20160816 -0.390653
20160823 0.488028
20160830 -0.0305077
20160906 0.868077
20160912 -0.935062
20160921 0.947067
20160930 -0.796399
20161007 -0.256743
20161017 0.279212
20161024 -0.122568
20161031 0.0745424
20161107 0.954305
20161114 -0.166038
20161121 0.347734
20161128 0.598977
20161205 -0.367611
20170106 0.00863872
20170113 0.0547263
20170120 0.0499652
20170206 0.742948
20170213 0.205675
20170218 0.089139
20170224 -0.0737901
20170307 0.493388
20170314 0.243605
20170321 0.496923
20170328 -0.338447
20170406 -0.491224
20170413 0.283924
20170420 -0.0750966
20170427 0.011866
20170505 -0.55249
20170512 0.0506001
20170519 -0.228479

5Max: 18.5485
5Min: -16.0641

6Max: 6.13798
6Min: -7.20747
10: 
max_open_price: 10225.8 on 20000406
mid_open_price: 7530.27 on 19990511
min_open_price: 3502.37 on 20011005
max_high_price: 10329 on 20000406
mid_high_price: 7597.79 on 20091009
min_high_price: 3585.64 on 20011005
max_low_price: 10089.9 on 20000217
mid_low_price: 7466.49 on 20121129
min_low_price: 3467.94 on 20011005
max_close_price: 10202.2 on 20000217
min_close_price: 3567.63 on 20010927
mid_close_price: 7543.5 on 20080130
