1:
2376

2:
20010927 3586.81 3602.18 3546.27 3567.63
20011005 3502.37 3585.64 3467.94 3585.46
20010920 3693.91 3725.91 3693.11 3698.84
20011015 3724.66 3756.4 3706.15 3712.82
20011022 3866.7 3924.3 3861.71 3900.62
20021009 3974.51 4031.57 3947.61 3947.61
20011029 4081.94 4084.89 4033.98 4065.1
20011105 4014.74 4080.51 3984.68 4080.51
20081121 3962.69 4194.71 3955.43 4171.1
20021002 4246.16 4260.41 4171.76 4171.76

3:
20000406 10225.8 10329 9969.28 9969.28
20170518 9952.64 9969.45 9895.65 9969.45
20170321 9923.18 9976.61 9918.39 9972.49
20170512 9981.77 10008.2 9961.37 9986.82
20170511 9968.51 10018.8 9964.3 10001.5
20170517 10019.6 10029.6 9967.97 10013.7
20170516 10037.6 10058.6 9991.08 10031.5
20170515 9978.28 10036.8 9978.28 10036.8
20000210 10008.4 10098.3 9957.66 10057.7
20000217 10089.9 10267.5 10089.9 10202.2

4:
20130125 7695.25 7704.31 7637.2 7672.58
20120203 7658.68 7674.99 7608.41 7674.99

5:
max_return: 5.05815 on 20011022 3866.7 3924.3 3861.71 3900.62
min_return: 0 on 20050818 6252.32 6260.28 6204.42 6205.09

6:
max_return2: 6.13798 on 20081107 4468.08 4777.23 4468.08 4742.33
min_return2: -7.20747 on 19990716 7987.26 8024.19 7402.53 7411.58

7:
0 3567.63
1 3585.46
2 3698.84
3 3712.82
4 3900.62
5 3947.61
6 4065.1
7 4080.51
8 4171.1
9 4171.76
10 4172.63
11 4185.95
12 4200.32
13 4216.64
14 4220.33
15 4225.07
16 4260.45
17 4275.91
18 4280.81
19 4289.1
20 4320.59
21 4337.61
22 4341.1
23 4366.1
24 4372.81
25 4384.55
26 4425.08
27 4430.18
28 4435.34
29 4452.7
30 4453.9
31 4454.77
32 4460.49
33 4470.73
34 4474.41
35 4481.27
36 4482.65
37 4485.68
38 4487.59
39 4491.78
40 4498.83
41 4499.69
42 4520.76
43 4526.1
44 4539.72
45 4548.63
46 4549.23
47 4550.36
48 4552.45
49 4556.1
50 4567.37
51 4572.35
52 4574.8
53 4579.14
54 4579.45
55 4579.62
56 4588.06
57 4608.32
58 4609.2
59 4612.6
60 4626.32
61 4643.87
62 4646.61
63 4660.53
64 4665.56
65 4669.7
66 4671.02
67 4694.52
68 4705.08
69 4707.01
70 4727.26
71 4738.34
72 4742.33
73 4743.94
74 4755.4
75 4757.98
76 4817.22
77 4817.93
78 4845.21
79 4850.8
80 4870.66
81 4878.43
82 4878.85
83 4883.43
84 4894.01
85 4907.78
86 4919.26
87 4960.4
88 4984.88
89 4995.08
90 5005.04
91 5041.39
92 5048.86
93 5048.91
94 5057.32
95 5081.28
96 5095.31
97 5119.19
98 5122.17
99 5130.71
100 5143.44
101 5153.35
102 5159.23
103 5164.73
104 5210.84
105 5224.74
106 5226.79
107 5242.18
108 5252.83
109 5259.07
110 5277.35
111 5282.38
112 5295.53
113 5299.51
114 5316.04
115 5318.01
116 5318.34
117 5321.28
118 5339.4
119 5349.66
120 5368.02
121 5387.96
122 5388.52
123 5402.75
124 5405.42
125 5405.54
126 5425.02
127 5427.61
128 5433.78
129 5436.75
130 5443.18
131 5446.82
132 5456.15
133 5467.75
134 5474.79
135 5508.61
136 5516.2
137 5523.12
138 5527.8
139 5536.42
140 5542.8
141 5551.24
142 5560.16
143 5576.85
144 5592.74
145 5596.73
146 5602.99
147 5610.4
148 5611.86
149 5625.63
150 5635.06
151 5642.7
152 5645.28
153 5650.11
154 5650.97
155 5656.1
156 5663.98
157 5669.53
158 5680.06
159 5680.78
160 5703.72
161 5713.39
162 5715.16
163 5716.02
164 5717.28
165 5747.79
166 5755.92
167 5757.91
168 5758.31
169 5764.3
170 5772.51
171 5775.99
172 5779.09
173 5788.94
174 5798.62
175 5800.87
176 5804.1
177 5804.89
178 5805.01
179 5807.79
180 5810.08
181 5818.22
182 5821.58
183 5826.27
184 5835.11
185 5835.37
186 5836.91
187 5844.25
188 5846.19
189 5847.07
190 5847.15
191 5849.22
192 5854.23
193 5860.39
194 5860.58
195 5862.85
196 5864.54
197 5870.17
198 5875.67
199 5877.77
200 5879.08
201 5881.41
202 5884.33
203 5892.51
204 5892.68
205 5894.01
206 5895.35
207 5909.1
208 5911.31
209 5924.24
210 5925.54
211 5928.22
212 5932.42
213 5937.3
214 5948.49
215 5949.8
216 5951.45
217 5952.32
218 5958.55
219 5958.79
220 5965.7
221 5972.47
222 5979.42
223 5979.56
224 5988.37
225 5998.32
226 6001.52
227 6002.58
228 6011.56
229 6011.65
230 6018.69
231 6023.78
232 6027.27
233 6028.68
234 6028.75
235 6029.65
236 6031.24
237 6033.21
238 6043.95
239 6059.03
240 6065.91
241 6072.16
242 6072.33
243 6077.89
244 6081.01
245 6081.84
246 6083.62
247 6087.45
248 6088.49
249 6103.42
250 6105.79
251 6109.66
252 6116.05
253 6118.61
254 6119.06
255 6128.34
256 6132.6
257 6140.42
258 6144.01
259 6144.53
260 6152.43
261 6167.47
262 6190.83
263 6193.62
264 6196
265 6203.84
266 6204.23
267 6205.09
268 6205.09
269 6205.76
270 6210.22
271 6213.56
272 6232.04
273 6241.39
274 6257.8
275 6266.29
276 6278.46
277 6316.84
278 6318.52
279 6327.25
280 6348.31
281 6353.71
282 6358.81
283 6359.63
284 6363.89
285 6377.25
286 6381.97
287 6383.09
288 6386.25
289 6391.26
290 6416.61
291 6423.81
292 6431.42
293 6432.36
294 6436.8
295 6442.9
296 6444.76
297 6454.39
298 6454.58
299 6455.57
300 6457.61
301 6458.01
302 6459.57
303 6462.06
304 6462.3
305 6485.14
306 6498.03
307 6505.92
308 6518.7
309 6522.19
310 6523.68
311 6534.77
312 6566.7
313 6567.37
314 6574.75
315 6577.98
316 6583.04
317 6584.93
318 6605.85
319 6611.9
320 6612.09
321 6612.97
322 6613.39
323 6631.51
324 6644.28
325 6646.74
326 6654.8
327 6667.53
328 6682.46
329 6693.88
330 6703.62
331 6715.27
332 6718.5
333 6720.08
334 6724.18
335 6742.39
336 6748.18
337 6750.78
338 6760.82
339 6767.1
340 6780.3
341 6806.43
342 6809.86
343 6810.25
344 6834.24
345 6855.74
346 6868.65
347 6874.91
348 6879.51
349 6880.18
350 6881.72
351 6882.48
352 6889.42
353 6890.44
354 6895.01
355 6904.12
356 6911.21
357 6922.57
358 6932.17
359 6960.95
360 6966.48
361 6980.88
362 6984.58
363 7000.45
364 7008.35
365 7013.99
366 7017.6
367 7026.24
368 7027.11
369 7033
370 7040.9
371 7047.87
372 7051.85
373 7053.29
374 7056.67
375 7059.89
376 7065.65
377 7069.51
378 7070.35
379 7071.67
380 7072.08
381 7074.15
382 7080.97
383 7082.97
384 7089.95
385 7102.74
386 7105.76
387 7110.8
388 7127
389 7135.89
390 7136.21
391 7137.93
392 7143.84
393 7153.13
394 7167.35
395 7178.34
396 7179.64
397 7188.21
398 7195.71
399 7212.87
400 7233.69
401 7236.85
402 7242.63
403 7251.35
404 7254.06
405 7262.08
406 7269.6
407 7270.49
408 7273.13
409 7274.89
410 7278.96
411 7292.34
412 7312.59
413 7319.8
414 7337.14
415 7340.08
416 7342.29
417 7344.56
418 7345.22
419 7348.77
420 7353.37
421 7359.37
422 7367.44
423 7367.99
424 7370.44
425 7382.35
426 7387.52
427 7391.15
428 7391.37
429 7395.64
430 7398.65
431 7407.98
432 7408.4
433 7410.34
434 7411.58
435 7411.88
436 7418.36
437 7419.7
438 7450.3
439 7451.72
440 7463.05
441 7465.41
442 7467.74
443 7474.19
444 7474.45
445 7481.09
446 7488.26
447 7490.91
448 7492.85
449 7496.58
450 7501.72
451 7503.55
452 7515.78
453 7524.67
454 7526.55
455 7532.22
456 7535.82
457 7543.5
458 7545.71
459 7550.13
460 7551.57
461 7552.8
462 7557.01
463 7559.16
464 7561.86
465 7570.45
466 7571.96
467 7578.01
468 7588.04
469 7588.23
470 7589.89
471 7590.44
472 7595.46
473 7597.44
474 7597.62
475 7598.45
476 7599.76
477 7600.87
478 7602.7
479 7608.85
480 7615.45
481 7618.55
482 7623.26
483 7627.74
484 7629.15
485 7634.19
486 7648.35
487 7649.28
488 7650.91
489 7665.63
490 7666.34
491 7669.63
492 7672.58
493 7674.99
494 7678.67
495 7680.87
496 7682.97
497 7684.63
498 7689.74
499 7693.33
500 7695.63
501 7696.9
502 7701.54
503 7704.52
504 7707.59
505 7715.1
506 7715.99
507 7720.82
508 7729.86
509 7732.87
510 7733.18
511 7737.46
512 7738.12
513 7745.26
514 7753.63
515 7756.18
516 7757.09
517 7758.03
518 7762.01
519 7770.59
520 7770.81
521 7781.91
522 7791.35
523 7795.07
524 7798.99
525 7805.99
526 7806.26
527 7807.39
528 7811.02
529 7811.87
530 7819.15
531 7819.39
532 7820.84
533 7829.79
534 7835.37
535 7835.54
536 7838.47
537 7842.22
538 7845.87
539 7848.87
540 7854.85
541 7855.97
542 7856.36
543 7857.98
544 7859.89
545 7865.28
546 7869.7
547 7872.99
548 7877.82
549 7884.99
550 7886.34
551 7893.97
552 7895.18
553 7900.2
554 7900.21
555 7903.04
556 7903.38
557 7904.53
558 7910.78
559 7913.18
560 7916.92
561 7923.77
562 7928.94
563 7932.71
564 7933
565 7934.26
566 7934.51
567 7936.85
568 7937.3
569 7947.68
570 7959.29
571 7960.88
572 7961.54
573 7962.22
574 7972.59
575 7984.65
576 7986.56
577 7988.57
578 7990.53
579 7992.89
580 7994.71
581 7996.76
582 8016.01
583 8021.75
584 8036
585 8045.01
586 8052.7
587 8053.69
588 8054.94
589 8065.11
590 8066.51
591 8071.36
592 8076.61
593 8080.6
594 8081.55
595 8083.43
596 8084.45
597 8084.5
598 8085.06
599 8085.93
600 8088.37
601 8095.2
602 8097.13
603 8099.45
604 8099.75
605 8105.45
606 8114.44
607 8119.98
608 8120.89
609 8121.78
610 8131.26
611 8134.91
612 8135.03
613 8138.63
614 8146.43
615 8147.34
616 8161.39
617 8161.46
618 8166.62
619 8167.07
620 8168.06
621 8174.92
622 8179.54
623 8181.24
624 8201.37
625 8201.79
626 8205.3
627 8207.85
628 8208.77
629 8209.07
630 8209.78
631 8213.42
632 8216.17
633 8216.52
634 8221.79
635 8234.78
636 8244.18
637 8244.19
638 8254.68
639 8254.8
640 8255.34
641 8265.96
642 8267.66
643 8274.36
644 8280.26
645 8283.71
646 8283.9
647 8287.09
648 8289.39
649 8306.12
650 8307.04
651 8307.29
652 8312.15
653 8314.68
654 8316.05
655 8319.67
656 8323.05
657 8323.82
658 8324.36
659 8326.68
660 8337.82
661 8338.06
662 8344.73
663 8346.39
664 8361.33
665 8362.43
666 8368.19
667 8370
668 8374.68
669 8375.54
670 8375.76
671 8391.95
672 8407.4
673 8411.88
674 8412.76
675 8413.72
676 8428.09
677 8448.84
678 8449.34
679 8450.06
680 8456.06
681 8458.87
682 8463.61
683 8465.02
684 8466.84
685 8473.87
686 8477.2
687 8484.9
688 8485.69
689 8485.89
690 8490.25
691 8495.23
692 8500.16
693 8508.04
694 8519.55
695 8524.41
696 8524.99
697 8529.35
698 8530.68
699 8531.38
700 8536.22
701 8538.57
702 8546.54
703 8550.27
704 8554.54
705 8556.68
706 8559.46
707 8560.61
708 8563.55
709 8568.65
710 8571.08
711 8579.43
712 8587.36
713 8596
714 8596.57
715 8598.31
716 8601.52
717 8608.46
718 8611.18
719 8616.18
720 8617.35
721 8623.48
722 8624.01
723 8625.92
724 8638.33
725 8638.75
726 8640.03
727 8651.28
728 8655.51
729 8664.31
730 8665.85
731 8667.71
732 8680.86
733 8683.51
734 8685.47
735 8689.3
736 8701.38
737 8702.33
738 8712.95
739 8718.83
740 8727.21
741 8727.56
742 8729.79
743 8731.94
744 8732.84
745 8747.75
746 8748.83
747 8760.58
748 8771.21
749 8771.77
750 8774.72
751 8778.39
752 8782.72
753 8785.68
754 8791.44
755 8802.73
756 8810
757 8817.9
758 8820.35
759 8828.36
760 8832.15
761 8837.03
762 8839.22
763 8841.46
764 8846.39
765 8850.18
766 8857.37
767 8861.1
768 8873.15
769 8880.65
770 8883.45
771 8892.68
772 8892.83
773 8901.72
774 8903.68
775 8918.95
776 8921.12
777 8923.82
778 8927.42
779 8930.57
780 8930.9
781 8940.4
782 8947.06
783 8950.57
784 8954.38
785 8956.92
786 8957.65
787 8962.6
788 8963.24
789 8966.92
790 8969.63
791 8972.5
792 8972.51
793 8975
794 8977.23
795 8989.53
796 9006.61
797 9017.08
798 9024.79
799 9030.93
800 9032.16
801 9033.92
802 9034.87
803 9036.66
804 9040.77
805 9040.81
806 9041.11
807 9046.28
808 9068.76
809 9068.89
810 9069.39
811 9079.6
812 9083.32
813 9084.9
814 9102.6
815 9105.28
816 9109
817 9110.36
818 9110.56
819 9122.39
820 9133.4
821 9134.46
822 9141.31
823 9145.35
824 9148.78
825 9155.08
826 9160.66
827 9165.09
828 9166.85
829 9172.91
830 9175.26
831 9176.22
832 9181.85
833 9182.6
834 9186.18
835 9189.84
836 9191.37
837 9196.39
838 9218.37
839 9222.24
840 9228.5
841 9238.03
842 9255.94
843 9265.81
844 9268.43
845 9272.88
846 9273.79
847 9286.96
848 9290.12
849 9292.33
850 9292.8
851 9302.49
852 9306.83
853 9307.03
854 9318.12
855 9322.5
856 9330.19
857 9331.46
858 9341.97
859 9342.42
860 9345.74
861 9348.63
862 9349.64
863 9354.41
864 9354.53
865 9358.14
866 9358.23
867 9369.51
868 9372.22
869 9378.83
870 9389.49
871 9390.62
872 9400.97
873 9410.18
874 9420.18
875 9424.05
876 9426.9
877 9428.97
878 9434.77
879 9447.95
880 9455.56
881 9462.57
882 9473.31
883 9488.5
884 9495.84
885 9496.31
886 9502.39
887 9510.05
888 9512.05
889 9512.91
890 9513.06
891 9521.87
892 9538.01
893 9540.06
894 9543.25
895 9543.82
896 9554.56
897 9562.98
898 9566.42
899 9571.97
900 9578.56
901 9590.18
902 9592.47
903 9601.36
904 9610.83
905 9613
906 9627.89
907 9632.69
908 9639.94
909 9642.26
910 9648.21
911 9658.61
912 9665.59
913 9674.78
914 9682.63
915 9691.8
916 9696.91
917 9697.34
918 9704.11
919 9710.32
920 9712.84
921 9716.4
922 9717.17
923 9717.41
924 9717.95
925 9718.78
926 9732.93
927 9738.07
928 9740.31
929 9744.21
930 9746.56
931 9750.47
932 9753.2
933 9753.45
934 9757.93
935 9758.09
936 9759.76
937 9763.93
938 9769.31
939 9771.25
940 9778.78
941 9779.92
942 9799.76
943 9805.69
944 9811.52
945 9817.68
946 9832.42
947 9836.68
948 9837.83
949 9841.71
950 9848.15
951 9853.83
952 9856.25
953 9856.45
954 9860.62
955 9872
956 9873.37
957 9876.45
958 9876.77
959 9882.54
960 9897.8
961 9899.94
962 9902.98
963 9908.69
964 9911.39
965 9912.97
966 9915.48
967 9922.66
968 9930.74
969 9937.25
970 9941.27
971 9947.62
972 9949.48
973 9955.33
974 9967.64
975 9968.32
976 9969.28
977 9969.45
978 9972.49
979 9986.82
980 10001.5
981 10013.7
982 10031.5
983 10036.8
984 10057.7
985 10202.2

8:
0 -0.534742
1 2.37239
2 0.133468
3 -0.317877
4 0.877238
5 -0.676811
6 -0.412545
7 1.63821
8 5.25931
9 -1.75218
10 1.13015
11 -2.12882
12 0.336576
13 -0.754117
14 0.545815
15 0.284828
16 -0.270828
17 0.528514
18 2.34317
19 0.813733
20 -0.481411
21 1.4553
22 0.269786
23 -0.382393
24 1.68001
25 0.740061
26 0.603617
27 0.504316
28 1.62612
29 -1.86736
30 -0.752734
31 -1.44314
32 0.362709
33 -0.823229
34 -1.40279
35 -2.60163
36 -1.06993
37 -4.87028
38 -0.146858
39 -1.77544
40 0.564875
41 0.404774
42 0.633976
43 0.0453199
44 0.774734
45 2.00116
46 1.13603
47 0.669003
48 -0.148491
49 -1.43112
50 1.26174
51 1.45897
52 -0.794118
53 0.703966
54 -3.02008
55 -0.424206
56 -1.42002
57 1.04723
58 0.510279
59 -1.82991
60 0.17495
61 -1.12209
62 2.47531
63 -0.647002
64 -0.743953
65 -0.931551
66 1.4134
67 0.704253
68 1.63104
69 0.786673
70 0.163569
71 -0.11889
72 6.13798
73 -1.10776
74 0.643384
75 0.0130349
76 -0.36278
77 -0.558717
78 -2.99356
79 -0.640507
80 3.46047
81 0.654256
82 -1.39354
83 0.593871
84 -0.770683
85 -0.971766
86 -0.621211
87 -0.668633
88 -1.17601
89 2.33471
90 0.664927
91 0.849992
92 0.676574
93 0.209798
94 -1.643
95 -3.43334
96 -1.40387
97 -1.16249
98 -1.79041
99 -1.01709
100 0.610496
101 -0.373884
102 2.85259
103 0.625805
104 -0.0790057
105 -0.596444
106 0.633823
107 0.0840125
108 0.699151
109 0.0287161
110 -1.30131
111 -1.58309
112 2.76576
113 -1.6701
114 -1.91682
115 -2.27786
116 0.449896
117 -0.453277
118 -1.20181
119 -0.531212
120 0.345642
121 1.63009
122 0.669008
123 1.46715
124 -2.37409
125 2.22818
126 -2.29238
127 1.74333
128 -1.39762
129 -0.490342
130 -0.996726
131 -1.36129
132 -0.834057
133 -0.0533741
134 -0.576763
135 0.531797
136 -1.39412
137 -1.31223
138 1.54173
139 -1.57738
140 -0.951918
141 1.28023
142 -2.83144
143 1.43638
144 0.180744
145 -2.57695
146 2.04547
147 1.82602
148 1.18806
149 -0.979182
150 -0.959289
151 -0.884405
152 0.318617
153 -0.716239
154 -0.225814
155 -1.9128
156 2.50991
157 -1.66558
158 -2.91658
159 0.154266
160 -1.05404
161 -0.529781
162 -1.62829
163 -0.533004
164 -0.764585
165 0.542262
166 -0.786345
167 -0.560753
168 0.0881212
169 1.25562
170 0.44388
171 0.498498
172 0.233104
173 -0.0505912
174 0.35583
175 -2.56992
176 -1.0144
177 -1.11055
178 -0.77347
179 -0.139619
180 -0.574982
181 -0.460552
182 -0.409036
183 -2.73712
184 0.91697
185 0.342021
186 -0.219327
187 0.542774
188 -2.69681
189 0.679453
190 -0.375015
191 -0.388279
192 -5.43814
193 -0.761507
194 2.99463
195 1.75945
196 0.30444
197 1.75915
198 -0.54739
199 2.72446
200 -1.32295
201 3.8029
202 -1.00237
203 -0.277718
204 1.34597
205 -0.76272
206 -0.961594
207 0.34387
208 0.725542
209 0.225351
210 -0.541308
211 0.179301
212 -1.33075
213 0.272237
214 0.00185515
215 -0.39459
216 -1.82576
217 -0.988406
218 0.210726
219 -0.197134
220 -0.107662
221 1.10476
222 -0.696028
223 -1.54624
224 -0.185018
225 0.821414
226 -0.118993
227 1.20944
228 0.211041
229 -1.08676
230 0.0392243
231 1.8499
232 -1.16847
233 1.9026
234 0.300132
235 1.63262
236 -0.805069
237 -1.78292
238 0.0781592
239 0.0972991
240 0.782884
241 -0.759321
242 0.525782
243 0.60184
244 -0.115637
245 -0.150228
246 0.286502
247 0.547381
248 0.833868
249 -0.446596
250 -0.62595
251 0.101585
252 0.564641
253 1.07407
254 -0.693624
255 0.0775689
256 -0.0713687
257 -0.142137
258 -0.421559
259 -1.63795
260 -2.50348
261 -1.55705
262 -0.221446
263 0.0355362
264 -0.490958
265 0.596064
266 -0.345661
267 -0.627295
268 -0.755399
269 -0.621346
270 -0.463844
271 -0.832785
272 -0.601931
273 -0.480742
274 -2.26418
275 -0.100753
276 -0.410355
277 0.20908
278 0.98645
279 -0.57762
280 1.0747
281 -0.140039
282 0.336253
283 0.677552
284 -1.02107
285 -0.91545
286 -0.0612236
287 -0.671004
288 0.401528
289 -0.439292
290 -0.145976
291 -0.223822
292 0.705567
293 -2.11912
294 -1.46921
295 0.917562
296 -1.07935
297 -0.978344
298 -1.12818
299 0.999575
300 0.462516
301 0.965092
302 -0.42392
303 0.068914
304 -0.125963
305 0.553227
306 0.780582
307 -3.12402
308 0.039288
309 -0.499779
310 0.917027
311 -0.470628
312 2.7725
313 1.6838
314 -0.927472
315 -1.14946
316 0.0986875
317 -1.81813
318 -0.754947
319 0.355617
320 -1.86196
321 0.910848
322 1.46349
323 -1.14338
324 0.371465
325 0.0648868
326 -1.92906
327 0.813605
328 1.09836
329 -0.305018
330 -0.0733382
331 -3.47144
332 -0.129771
333 0.413306
334 0.648123
335 -0.143655
336 0.768435
337 0.660105
338 0.533082
339 -0.858954
340 -1.21739
341 -2.31398
342 1.22543
343 0.124968
344 -2.68746
345 0.0810239
346 -0.262104
347 -1.32407
348 -1.03931
349 1.59116
350 -0.0158343
351 1.44014
352 0.17346
353 1.32165
354 0.881812
355 -1.39211
356 0.458303
357 0.145096
358 -0.707152
359 0.774818
360 1.27715
361 -0.098889
362 -0.685075
363 0.170711
364 0.055824
365 -0.313806
366 -0.062089
367 1.22078
368 -0.514766
369 0.411466
370 1.63754
371 1.59472
372 -3.06655
373 -0.608754
374 -0.415323
375 -0.564087
376 0.509401
377 -0.314589
378 -1.07607
379 -1.31897
380 0.506508
381 0.47909
382 1.87157
383 -0.142387
384 0.83657
385 0.585726
386 -0.155126
387 -0.978687
388 0.994788
389 -0.760436
390 -0.937568
391 -0.102027
392 0.165729
393 -0.196873
394 0.083087
395 -0.311497
396 0.527444
397 -0.206718
398 -0.787009
399 -0.439491
400 -0.0255696
401 -0.242886
402 0.188545
403 -0.74475
404 -0.994011
405 -0.919843
406 3.09544
407 1.82004
408 -0.18404
409 0.233264
410 0.124349
411 0.272941
412 -0.491516
413 -0.160811
414 0.508635
415 -1.19321
416 2.26629
417 -2.92614
418 0.641926
419 0.255938
420 -0.545866
421 -2.0459
422 -0.841061
423 -1.20503
424 -0.529174
425 -0.104329
426 -1.77411
427 0.15814
428 -1.84103
429 0.912843
430 0.108787
431 -1.60137
432 -3.89024
433 -4.00654
434 -7.20747
435 -0.0442374
436 0.746801
437 -0.370468
438 -0.397595
439 -0.571878
440 -0.709783
441 -0.115863
442 -0.294665
443 -0.031433
444 -0.741273
445 -0.10322
446 0.289687
447 -1.62192
448 0.0968526
449 0.00947136
450 0.840142
451 0.463515
452 0.168725
453 -1.68829
454 0.84626
455 0.900604
456 1.31827
457 -0.799418
458 -0.349308
459 -1.49118
460 -1.13029
461 -2.79037
462 -2.41112
463 0.418991
464 -1.102
465 0.688552
466 -0.0109613
467 1.27076
468 2.07869
469 -0.543664
470 -0.155624
471 -0.298299
472 -0.662687
473 0.288027
474 -0.679772
475 1.30537
476 -0.361072
477 0.173834
478 -0.791295
479 -0.0507029
480 1.33019
481 -1.36651
482 -0.492241
483 0.624639
484 0.236495
485 -0.161117
486 0.267571
487 -0.0308477
488 -0.445405
489 0.189514
490 -0.428867
491 -0.430237
492 -0.294596
493 0.212962
494 -0.836194
495 1.2813
496 -0.758875
497 -0.554516
498 -0.691946
499 0.766754
500 0.315714
501 -0.802666
502 -0.641954
503 0.0653262
504 3.56365
505 0.039812
506 -1.12775
507 -0.566402
508 -0.225883
509 0.462375
510 -0.35961
511 -0.0271346
512 -1.90943
513 -0.762864
514 0.821669
515 0.351538
516 0.562635
517 -0.390584
518 -0.601745
519 0.105508
520 -0.210475
521 0.54771
522 0.126841
523 1.10389
524 0.260325
525 -0.157065
526 0.0439544
527 0.990844
528 -0.202254
529 -0.866104
530 -0.311337
531 0.646404
532 -0.699477
533 0.517752
534 2.31334
535 -0.83892
536 -0.0637473
537 -0.422827
538 -1.74793
539 -1.61142
540 0.982199
541 0.0282695
542 -0.220231
543 0.891047
544 0.352776
545 1.99482
546 -1.42852
547 0.352956
548 -0.00977357
549 -0.0403096
550 -1.17505
551 1.05963
552 0.546599
553 -0.493736
554 -0.469171
555 0.0288614
556 0.319357
557 -0.191301
558 0.603049
559 0.202858
560 -0.886613
561 -0.737477
562 0.0436562
563 0.281527
564 1.28673
565 1.67005
566 0.0582559
567 -0.914096
568 -0.559015
569 -0.49068
570 -1.74456
571 -0.169543
572 0.209444
573 -0.374117
574 -0.435968
575 -2.28756
576 -0.052557
577 -0.00501179
578 0.510315
579 0.493361
580 -0.55094
581 0.0394053
582 0.0426819
583 0.0794737
584 0.300174
585 0.414385
586 -0.486893
587 -0.521747
588 -0.926657
589 -1.49472
590 1.12654
591 0.205216
592 0.107583
593 2.53554
594 1.72253
595 0.963371
596 0.133524
597 -0.756679
598 3.09736
599 1.29761
600 -0.0900487
601 -0.231084
602 0.23756
603 -1.20044
604 -0.918673
605 0.165847
606 -0.0677345
607 -0.597275
608 -3.71133
609 -0.118308
610 0.278462
611 -0.0357549
612 -0.275574
613 0.424838
614 -0.282878
615 -0.201747
616 -1.58842
617 0.941209
618 -0.189926
619 0.0108943
620 -0.0177453
621 1.8476
622 -1.28851
623 1.03852
624 -2.33255
625 0.237584
626 -0.140812
627 -0.177202
628 -0.102716
629 0.168638
630 -0.766688
631 -1.13724
632 0.0231352
633 0.00681077
634 -0.130461
635 -3.04986
636 -0.180412
637 -0.747983
638 0.934428
639 -0.768981
640 0.802602
641 -2.39883
642 2.05249
643 1.45817
644 -0.0497336
645 -0.172927
646 0.00363105
647 -0.734271
648 -0.022673
649 -0.461853
650 -1.15962
651 -0.303391
652 -0.706215
653 -0.192541
654 -1.05159
655 1.27882
656 -1.98456
657 0.389564
658 -0.321389
659 0.130951
660 0.572235
661 0.777034
662 -0.09003
663 -0.501885
664 -0.52691
665 0.502116
666 -0.108261
667 -2.47018
668 -0.193069
669 -0.652275
670 0.673935
671 -0.290738
672 0.0834573
673 1.64824
674 0.541498
675 0.589035
676 0.015784
677 -0.0340745
678 0.0536457
679 0.145771
680 0.374139
681 0.625485
682 0.570614
683 -2.02456
684 0.66832
685 -1.31653
686 1.13469
687 0.876695
688 1.24455
689 0.214452
690 -0.387176
691 1.15139
692 0.517951
693 -0.178681
694 -0.214109
695 -1.29821
696 0.844977
697 -0.348516
698 -1.71066
699 -0.0686446
700 -1.13525
701 -0.135551
702 -0.444978
703 -0.859312
704 -0.338321
705 -2.02171
706 1.93462
707 -0.49979
708 -1.05788
709 0.228219
710 -1.28418
711 -0.983656
712 0.258963
713 -0.376546
714 0.680802
715 0.195996
716 0.328221
717 0.0937116
718 -1.53667
719 -0.614686
720 -0.802458
721 0.367442
722 -0.0795993
723 0.158613
724 -0.121979
725 -2.24153
726 -1.7542
727 1.09801
728 -1.29861
729 0.0976127
730 -0.956623
731 -0.198271
732 2.32507
733 -0.926103
734 0.21761
735 1.16553
736 0.827467
737 0.0847631
738 -0.89539
739 -0.250322
740 0.62272
741 1.34431
742 1.05526
743 -0.176504
744 0.384388
745 0.640241
746 0.0448252
747 0.369599
748 -0.126841
749 1.72054
750 -0.30438
751 -0.0108231
752 -1.37593
753 -0.230977
754 -1.0608
755 0.17047
756 0.0421285
757 -0.114968
758 -2.99995
759 -1.48722
760 -0.227849
761 -1.20019
762 -0.3151
763 0.531335
764 -0.378385
765 -0.0965238
766 0.0584027
767 -0.555638
768 0.291732
769 0.313235
770 -1.07274
771 0.171332
772 -0.245217
773 0.189985
774 0.927584
775 -1.23121
776 2.40413
777 0.0308259
778 -1.48847
779 0.203993
780 0.0637568
781 -0.166038
782 -0.935062
783 -1.38319
784 0.213645
785 -0.584598
786 0.726184
787 -0.390766
788 0.754034
789 0.137805
790 0.784393
791 0.40722
792 -0.142789
793 -1.21079
794 -0.227835
795 1.06341
796 -0.364393
797 1.35343
798 0.459064
799 0.488028
800 -0.912418
801 0.974661
802 0.178187
803 -0.838468
804 -0.530315
805 -0.274225
806 0.347734
807 0.240901
808 -0.135445
809 -2.58928
810 0.667532
811 1.27005
812 -0.80213
813 -0.540706
814 2.0631
815 0.960236
816 -0.158492
817 -0.390653
818 -0.0305077
819 -0.0294839
820 -0.926897
821 -0.363991
822 -0.882829
823 0.25421
824 0.380958
825 0.011799
826 -0.367611
827 -0.350433
828 -0.796399
829 0.69244
830 1.12184
831 0.279212
832 0.868077
833 -0.335054
834 0.986087
835 0.954305
836 0.389153
837 0.0398051
838 0.314814
839 0.598977
840 0.947067
841 0.917629
842 0.932677
843 -0.256743
844 -0.329816
845 0.219618
846 -0.606189
847 0.0801812
848 0.0745424
849 -0.686258
850 -0.341146
851 -0.305434
852 -0.107971
853 0.93342
854 -0.071958
855 -0.122568
856 0.537703
857 0.0499652
858 -0.0296478
859 -0.363255
860 -0.260718
861 -1.97607
862 0.0583166
863 0.0798117
864 0.565153
865 0.814216
866 -0.120279
867 0.350229
868 0.00863872
869 0.0547263
870 -0.140491
871 -0.0278936
872 0.702594
873 0.577799
874 0.0454476
875 0.644936
876 -0.553412
877 -0.771189
878 -0.183769
879 0.26425
880 0.0582007
881 -0.204387
882 0.249635
883 -0.372538
884 -0.688895
885 -0.000843248
886 0.87955
887 -0.166702
888 0.0104114
889 -0.736061
890 0.407935
891 -0.120731
892 0.742948
893 -0.930877
894 0.0259986
895 -2.18569
896 0.284858
897 -0.562123
898 -2.32127
899 -0.768195
900 -0.714905
901 0.362724
902 1.30522
903 -0.659589
904 -1.22812
905 0.663793
906 -0.268292
907 -0.0750966
908 -0.87862
909 -0.985097
910 -0.248647
911 -0.83613
912 0.550523
913 -0.782883
914 0.369336
915 -0.368023
916 1.00474
917 0.422306
918 -0.875501
919 0.205675
920 -0.294926
921 -0.250587
922 -0.202936
923 0.625039
924 -0.256186
925 -0.0818359
926 -0.746681
927 0.493388
928 -0.0100651
929 0.243605
930 0.110929
931 -0.0737901
932 -0.434976
933 0.0943163
934 -0.977646
935 -0.0183408
936 -0.198385
937 0.0272522
938 -0.0488077
939 -0.566198
940 -0.0763288
941 0.089139
942 0.777755
943 -0.474906
944 -0.354042
945 -0.141177
946 -0.496991
947 0.283924
948 0.706127
949 1.06687
950 -0.214098
951 -0.815216
952 -0.311014
953 -0.0269817
954 0.011866
955 0.036684
956 -0.198225
957 -0.338447
958 -0.311176
959 0.0227726
960 -0.491224
961 -0.55249
962 -0.112361
963 0.640902
964 -1.54838
965 0.0722824
966 -0.516999
967 0.107952
968 0.0883948
969 0.0314081
970 0.14939
971 -0.228479
972 0.943952
973 -0.0229979
974 0.0492754
975 0.333164
976 -2.50826
977 0.168905
978 0.496923
979 0.0506001
980 0.330749
981 -0.0593854
982 -0.0606704
983 0.586675
984 0.492488
985 1.1131

9:
0 -0.534742
1 2.37239
2 0.133468
3 -0.317877
4 0.877238
5 -0.676811
6 -0.412545
7 1.63821
8 5.25931
9 -1.75218
10 1.13015
11 -2.12882
12 0.336576
13 -0.754117
14 0.545815
15 0.284828
16 -0.270828
17 0.528514
18 2.34317
19 0.813733
20 -0.481411
21 1.4553
22 0.269786
23 -0.382393
24 1.68001
25 0.740061
26 0.603617
27 0.504316
28 1.62612
29 -1.86736
30 -0.752734
31 -1.44314
32 0.362709
33 -0.823229
34 -1.40279
35 -2.60163
36 -1.06993
37 -4.87028
38 -0.146858
39 -1.77544
40 0.564875
41 0.404774
42 0.633976
43 0.0453199
44 0.774734
45 2.00116
46 1.13603
47 0.669003
48 -0.148491
49 -1.43112
50 1.26174
51 1.45897
52 -0.794118
53 0.703966
54 -3.02008
55 -0.424206
56 -1.42002
57 1.04723
58 0.510279
59 -1.82991
60 0.17495
61 -1.12209
62 2.47531
63 -0.647002
64 -0.743953
65 -0.931551
66 1.4134
67 0.704253
68 1.63104
69 0.786673
70 0.163569
71 -0.11889
72 6.13798
73 -1.10776
74 0.643384
75 0.0130349
76 -0.36278
77 -0.558717
78 -2.99356
79 -0.640507
80 3.46047
81 0.654256
82 -1.39354
83 0.593871
84 -0.770683
85 -0.971766
86 -0.621211
87 -0.668633
88 -1.17601
89 2.33471
90 0.664927
91 0.849992
92 0.676574
93 0.209798
94 -1.643
95 -3.43334
96 -1.40387
97 -1.16249
98 -1.79041
99 -1.01709
100 0.610496
101 -0.373884
102 2.85259
103 0.625805
104 -0.0790057
105 -0.596444
106 0.633823
107 0.0840125
108 0.699151
109 0.0287161
110 -1.30131
111 -1.58309
112 2.76576
113 -1.6701
114 -1.91682
115 -2.27786
116 0.449896
117 -0.453277
118 -1.20181
119 -0.531212
120 0.345642
121 1.63009
122 0.669008
123 1.46715
124 -2.37409
125 2.22818
126 -2.29238
127 1.74333
128 -1.39762
129 -0.490342
130 -0.996726
131 -1.36129
132 -0.834057
133 -0.0533741
134 -0.576763
135 0.531797
136 -1.39412
137 -1.31223
138 1.54173
139 -1.57738
140 -0.951918
141 1.28023
142 -2.83144
143 1.43638
144 0.180744
145 -2.57695
146 2.04547
147 1.82602
148 1.18806
149 -0.979182
150 -0.959289
151 -0.884405
152 0.318617
153 -0.716239
154 -0.225814
155 -1.9128
156 2.50991
157 -1.66558
158 -2.91658
159 0.154266
160 -1.05404
161 -0.529781
162 -1.62829
163 -0.533004
164 -0.764585
165 0.542262
166 -0.786345
167 -0.560753
168 0.0881212
169 1.25562
170 0.44388
171 0.498498
172 0.233104
173 -0.0505912
174 0.35583
175 -2.56992
176 -1.0144
177 -1.11055
178 -0.77347
179 -0.139619
180 -0.574982
181 -0.460552
182 -0.409036
183 -2.73712
184 0.91697
185 0.342021
186 -0.219327
187 0.542774
188 -2.69681
189 0.679453
190 -0.375015
191 -0.388279
192 -5.43814
193 -0.761507
194 2.99463
195 1.75945
196 0.30444
197 1.75915
198 -0.54739
199 2.72446
200 -1.32295
201 3.8029
202 -1.00237
203 -0.277718
204 1.34597
205 -0.76272
206 -0.961594
207 0.34387
208 0.725542
209 0.225351
210 -0.541308
211 0.179301
212 -1.33075
213 0.272237
214 0.00185515
215 -0.39459
216 -1.82576
217 -0.988406
218 0.210726
219 -0.197134
220 -0.107662
221 1.10476
222 -0.696028
223 -1.54624
224 -0.185018
225 0.821414
226 -0.118993
227 1.20944
228 0.211041
229 -1.08676
230 0.0392243
231 1.8499
232 -1.16847
233 1.9026
234 0.300132
235 1.63262
236 -0.805069
237 -1.78292
238 0.0781592
239 0.0972991
240 0.782884
241 -0.759321
242 0.525782
243 0.60184
244 -0.115637
245 -0.150228
246 0.286502
247 0.547381
248 0.833868
249 -0.446596
250 -0.62595
251 0.101585
252 0.564641
253 1.07407
254 -0.693624
255 0.0775689
256 -0.0713687
257 -0.142137
258 -0.421559
259 -1.63795
260 -2.50348
261 -1.55705
262 -0.221446
263 0.0355362
264 -0.490958
265 0.596064
266 -0.345661
267 -0.627295
268 -0.755399
269 -0.621346
270 -0.463844
271 -0.832785
272 -0.601931
273 -0.480742
274 -2.26418
275 -0.100753
276 -0.410355
277 0.20908
278 0.98645
279 -0.57762
280 1.0747
281 -0.140039
282 0.336253
283 0.677552
284 -1.02107
285 -0.91545
286 -0.0612236
287 -0.671004
288 0.401528
289 -0.439292
290 -0.145976
291 -0.223822
292 0.705567
293 -2.11912
294 -1.46921
295 0.917562
296 -1.07935
297 -0.978344
298 -1.12818
299 0.999575
300 0.462516
301 0.965092
302 -0.42392
303 0.068914
304 -0.125963
305 0.553227
306 0.780582
307 -3.12402
308 0.039288
309 -0.499779
310 0.917027
311 -0.470628
312 2.7725
313 1.6838
314 -0.927472
315 -1.14946
316 0.0986875
317 -1.81813
318 -0.754947
319 0.355617
320 -1.86196
321 0.910848
322 1.46349
323 -1.14338
324 0.371465
325 0.0648868
326 -1.92906
327 0.813605
328 1.09836
329 -0.305018
330 -0.0733382
331 -3.47144
332 -0.129771
333 0.413306
334 0.648123
335 -0.143655
336 0.768435
337 0.660105
338 0.533082
339 -0.858954
340 -1.21739
341 -2.31398
342 1.22543
343 0.124968
344 -2.68746
345 0.0810239
346 -0.262104
347 -1.32407
348 -1.03931
349 1.59116
350 -0.0158343
351 1.44014
352 0.17346
353 1.32165
354 0.881812
355 -1.39211
356 0.458303
357 0.145096
358 -0.707152
359 0.774818
360 1.27715
361 -0.098889
362 -0.685075
363 0.170711
364 0.055824
365 -0.313806
366 -0.062089
367 1.22078
368 -0.514766
369 0.411466
370 1.63754
371 1.59472
372 -3.06655
373 -0.608754
374 -0.415323
375 -0.564087
376 0.509401
377 -0.314589
378 -1.07607
379 -1.31897
380 0.506508
381 0.47909
382 1.87157
383 -0.142387
384 0.83657
385 0.585726
386 -0.155126
387 -0.978687
388 0.994788
389 -0.760436
390 -0.937568
391 -0.102027
392 0.165729
393 -0.196873
394 0.083087
395 -0.311497
396 0.527444
397 -0.206718
398 -0.787009
399 -0.439491
400 -0.0255696
401 -0.242886
402 0.188545
403 -0.74475
404 -0.994011
405 -0.919843
406 3.09544
407 1.82004
408 -0.18404
409 0.233264
410 0.124349
411 0.272941
412 -0.491516
413 -0.160811
414 0.508635
415 -1.19321
416 2.26629
417 -2.92614
418 0.641926
419 0.255938
420 -0.545866
421 -2.0459
422 -0.841061
423 -1.20503
424 -0.529174
425 -0.104329
426 -1.77411
427 0.15814
428 -1.84103
429 0.912843
430 0.108787
431 -1.60137
432 -3.89024
433 -4.00654
434 -7.20747
435 -0.0442374
436 0.746801
437 -0.370468
438 -0.397595
439 -0.571878
440 -0.709783
441 -0.115863
442 -0.294665
443 -0.031433
444 -0.741273
445 -0.10322
446 0.289687
447 -1.62192
448 0.0968526
449 0.00947136
450 0.840142
451 0.463515
452 0.168725
453 -1.68829
454 0.84626
455 0.900604
456 1.31827
457 -0.799418
458 -0.349308
459 -1.49118
460 -1.13029
461 -2.79037
462 -2.41112
463 0.418991
464 -1.102
465 0.688552
466 -0.0109613
467 1.27076
468 2.07869
469 -0.543664
470 -0.155624
471 -0.298299
472 -0.662687
473 0.288027
474 -0.679772
475 1.30537
476 -0.361072
477 0.173834
478 -0.791295
479 -0.0507029
480 1.33019
481 -1.36651
482 -0.492241
483 0.624639
484 0.236495
485 -0.161117
486 0.267571
487 -0.0308477
488 -0.445405
489 0.189514
490 -0.428867
491 -0.430237
492 -0.294596
493 0.212962
494 -0.836194
495 1.2813
496 -0.758875
497 -0.554516
498 -0.691946
499 0.766754
500 0.315714
501 -0.802666
502 -0.641954
503 0.0653262
504 3.56365
505 0.039812
506 -1.12775
507 -0.566402
508 -0.225883
509 0.462375
510 -0.35961
511 -0.0271346
512 -1.90943
513 -0.762864
514 0.821669
515 0.351538
516 0.562635
517 -0.390584
518 -0.601745
519 0.105508
520 -0.210475
521 0.54771
522 0.126841
523 1.10389
524 0.260325
525 -0.157065
526 0.0439544
527 0.990844
528 -0.202254
529 -0.866104
530 -0.311337
531 0.646404
532 -0.699477
533 0.517752
534 2.31334
535 -0.83892
536 -0.0637473
537 -0.422827
538 -1.74793
539 -1.61142
540 0.982199
541 0.0282695
542 -0.220231
543 0.891047
544 0.352776
545 1.99482
546 -1.42852
547 0.352956
548 -0.00977357
549 -0.0403096
550 -1.17505
551 1.05963
552 0.546599
553 -0.493736
554 -0.469171
555 0.0288614
556 0.319357
557 -0.191301
558 0.603049
559 0.202858
560 -0.886613
561 -0.737477
562 0.0436562
563 0.281527
564 1.28673
565 1.67005
566 0.0582559
567 -0.914096
568 -0.559015
569 -0.49068
570 -1.74456
571 -0.169543
572 0.209444
573 -0.374117
574 -0.435968
575 -2.28756
576 -0.052557
577 -0.00501179
578 0.510315
579 0.493361
580 -0.55094
581 0.0394053
582 0.0426819
583 0.0794737
584 0.300174
585 0.414385
586 -0.486893
587 -0.521747
588 -0.926657
589 -1.49472
590 1.12654
591 0.205216
592 0.107583
593 2.53554
594 1.72253
595 0.963371
596 0.133524
597 -0.756679
598 3.09736
599 1.29761
600 -0.0900487
601 -0.231084
602 0.23756
603 -1.20044
604 -0.918673
605 0.165847
606 -0.0677345
607 -0.597275
608 -3.71133
609 -0.118308
610 0.278462
611 -0.0357549
612 -0.275574
613 0.424838
614 -0.282878
615 -0.201747
616 -1.58842
617 0.941209
618 -0.189926
619 0.0108943
620 -0.0177453
621 1.8476
622 -1.28851
623 1.03852
624 -2.33255
625 0.237584
626 -0.140812
627 -0.177202
628 -0.102716
629 0.168638
630 -0.766688
631 -1.13724
632 0.0231352
633 0.00681077
634 -0.130461
635 -3.04986
636 -0.180412
637 -0.747983
638 0.934428
639 -0.768981
640 0.802602
641 -2.39883
642 2.05249
643 1.45817
644 -0.0497336
645 -0.172927
646 0.00363105
647 -0.734271
648 -0.022673
649 -0.461853
650 -1.15962
651 -0.303391
652 -0.706215
653 -0.192541
654 -1.05159
655 1.27882
656 -1.98456
657 0.389564
658 -0.321389
659 0.130951
660 0.572235
661 0.777034
662 -0.09003
663 -0.501885
664 -0.52691
665 0.502116
666 -0.108261
667 -2.47018
668 -0.193069
669 -0.652275
670 0.673935
671 -0.290738
672 0.0834573
673 1.64824
674 0.541498
675 0.589035
676 0.015784
677 -0.0340745
678 0.0536457
679 0.145771
680 0.374139
681 0.625485
682 0.570614
683 -2.02456
684 0.66832
685 -1.31653
686 1.13469
687 0.876695
688 1.24455
689 0.214452
690 -0.387176
691 1.15139
692 0.517951
693 -0.178681
694 -0.214109
695 -1.29821
696 0.844977
697 -0.348516
698 -1.71066
699 -0.0686446
700 -1.13525
701 -0.135551
702 -0.444978
703 -0.859312
704 -0.338321
705 -2.02171
706 1.93462
707 -0.49979
708 -1.05788
709 0.228219
710 -1.28418
711 -0.983656
712 0.258963
713 -0.376546
714 0.680802
715 0.195996
716 0.328221
717 0.0937116
718 -1.53667
719 -0.614686
720 -0.802458
721 0.367442
722 -0.0795993
723 0.158613
724 -0.121979
725 -2.24153
726 -1.7542
727 1.09801
728 -1.29861
729 0.0976127
730 -0.956623
731 -0.198271
732 2.32507
733 -0.926103
734 0.21761
735 1.16553
736 0.827467
737 0.0847631
738 -0.89539
739 -0.250322
740 0.62272
741 1.34431
742 1.05526
743 -0.176504
744 0.384388
745 0.640241
746 0.0448252
747 0.369599
748 -0.126841
749 1.72054
750 -0.30438
751 -0.0108231
752 -1.37593
753 -0.230977
754 -1.0608
755 0.17047
756 0.0421285
757 -0.114968
758 -2.99995
759 -1.48722
760 -0.227849
761 -1.20019
762 -0.3151
763 0.531335
764 -0.378385
765 -0.0965238
766 0.0584027
767 -0.555638
768 0.291732
769 0.313235
770 -1.07274
771 0.171332
772 -0.245217
773 0.189985
774 0.927584
775 -1.23121
776 2.40413
777 0.0308259
778 -1.48847
779 0.203993
780 0.0637568
781 -0.166038
782 -0.935062
783 -1.38319
784 0.213645
785 -0.584598
786 0.726184
787 -0.390766
788 0.754034
789 0.137805
790 0.784393
791 0.40722
792 -0.142789
793 -1.21079
794 -0.227835
795 1.06341
796 -0.364393
797 1.35343
798 0.459064
799 0.488028
800 -0.912418
801 0.974661
802 0.178187
803 -0.838468
804 -0.530315
805 -0.274225
806 0.347734
807 0.240901
808 -0.135445
809 -2.58928
810 0.667532
811 1.27005
812 -0.80213
813 -0.540706
814 2.0631
815 0.960236
816 -0.158492
817 -0.390653
818 -0.0305077
819 -0.0294839
820 -0.926897
821 -0.363991
822 -0.882829
823 0.25421
824 0.380958
825 0.011799
826 -0.367611
827 -0.350433
828 -0.796399
829 0.69244
830 1.12184
831 0.279212
832 0.868077
833 -0.335054
834 0.986087
835 0.954305
836 0.389153
837 0.0398051
838 0.314814
839 0.598977
840 0.947067
841 0.917629
842 0.932677
843 -0.256743
844 -0.329816
845 0.219618
846 -0.606189
847 0.0801812
848 0.0745424
849 -0.686258
850 -0.341146
851 -0.305434
852 -0.107971
853 0.93342
854 -0.071958
855 -0.122568
856 0.537703
857 0.0499652
858 -0.0296478
859 -0.363255
860 -0.260718
861 -1.97607
862 0.0583166
863 0.0798117
864 0.565153
865 0.814216
866 -0.120279
867 0.350229
868 0.00863872
869 0.0547263
870 -0.140491
871 -0.0278936
872 0.702594
873 0.577799
874 0.0454476
875 0.644936
876 -0.553412
877 -0.771189
878 -0.183769
879 0.26425
880 0.0582007
881 -0.204387
882 0.249635
883 -0.372538
884 -0.688895
885 -0.000843248
886 0.87955
887 -0.166702
888 0.0104114
889 -0.736061
890 0.407935
891 -0.120731
892 0.742948
893 -0.930877
894 0.0259986
895 -2.18569
896 0.284858
897 -0.562123
898 -2.32127
899 -0.768195
900 -0.714905
901 0.362724
902 1.30522
903 -0.659589
904 -1.22812
905 0.663793
906 -0.268292
907 -0.0750966
908 -0.87862
909 -0.985097
910 -0.248647
911 -0.83613
912 0.550523
913 -0.782883
914 0.369336
915 -0.368023
916 1.00474
917 0.422306
918 -0.875501
919 0.205675
920 -0.294926
921 -0.250587
922 -0.202936
923 0.625039
924 -0.256186
925 -0.0818359
926 -0.746681
927 0.493388
928 -0.0100651
929 0.243605
930 0.110929
931 -0.0737901
932 -0.434976
933 0.0943163
934 -0.977646
935 -0.0183408
936 -0.198385
937 0.0272522
938 -0.0488077
939 -0.566198
940 -0.0763288
941 0.089139
942 0.777755
943 -0.474906
944 -0.354042
945 -0.141177
946 -0.496991
947 0.283924
948 0.706127
949 1.06687
950 -0.214098
951 -0.815216
952 -0.311014
953 -0.0269817
954 0.011866
955 0.036684
956 -0.198225
957 -0.338447
958 -0.311176
959 0.0227726
960 -0.491224
961 -0.55249
962 -0.112361
963 0.640902
964 -1.54838
965 0.0722824
966 -0.516999
967 0.107952
968 0.0883948
969 0.0314081
970 0.14939
971 -0.228479
972 0.943952
973 -0.0229979
974 0.0492754
975 0.333164
976 -2.50826
977 0.168905
978 0.496923
979 0.0506001
980 0.330749
981 -0.0593854
982 -0.0606704
983 0.586675
984 0.492488
985 1.1131

10:
max_open_price: 10225.8 on 20000406
min_open_price: 3502.37 on 20011005
max_high_price: 10329 on 20000406
min_high_price: 3585.64 on 20011005
max_low_price: 10089.9 on 20000217
min_low_price: 3467.94 on 20011005
max_close_price: 10202.2 on 20000217
min_close_price: 3567.63 on 20010927
